T,DVT,CCT
2016-08-22T00:00:00.0,0.021090285381243534,0.9929355691812095
2016-08-23T00:00:00.0,0.023282889411185607,0.992829348440705
2016-08-24T00:00:00.0,0.025174862175596318,0.9928210229943342
2016-08-25T00:00:00.0,0.022128465351545175,0.9929786003825041
2016-08-26T00:00:00.0,0.01969134789230426,0.9931439361329221
2016-08-27T00:00:00.0,0.019751474145410536,0.9933333406669621
2016-08-28T00:00:00.0,0.01068042676011088,0.9934396766152325
2016-08-29T00:00:00.0,0.007461668010488424,0.9935184589747335
2016-08-30T00:00:00.0,0.0018218254691200581,0.9936222112571861
2016-08-31T00:00:00.0,0.011089285281233534,0.9935560609552878
2016-09-01T00:00:00.0,0.014512473291417317,0.9934526669361288
2016-09-02T00:00:00.0,0.012247717757747717,0.9936241072391704
2016-09-03T00:00:00.0,0.010139290482154428,0.9936425252781208
2016-09-04T00:00:00.0,0.014765003554463663,0.9935013449197914
2016-09-05T00:00:00.0,0.0148612055594337,0.9932890497964771
2016-09-06T00:00:00.0,0.013005308546886753,0.9927802608035236
2016-09-07T00:00:00.0,0.010367770243958263,0.9929416147285731
2016-09-08T00:00:00.0,0.011498143802356187,0.9928562326028357
2016-09-09T00:00:00.0,0.011365866045522388,0.9929955664536084
2016-09-10T00:00:00.0,0.004848180208802444,0.9932071877109496
2016-09-11T00:00:00.0,-0.001621404625432483,0.9932246314928311
2016-09-12T00:00:00.0,0.0004028458958120261,0.9931570503631463
2016-09-13T00:00:00.0,-0.00108026834747603,0.9930429074703456
2016-09-14T00:00:00.0,-0.0006112835732471042,0.9929517949820007
2016-09-15T00:00:00.0,0.0024631721689202988,0.9929079315916173
2016-09-16T00:00:00.0,0.0068483802288044435,0.9927555955783773
2016-09-17T00:00:00.0,0.003593545727318223,0.9925259494763767
2016-09-18T00:00:00.0,0.008680226740108881,0.9921642178212284
2016-09-19T00:00:00.0,0.023535419674231953,0.9913815721524527
2016-09-20T00:00:00.0,0.02716303694497706,0.9911492722200217
2016-09-21T00:00:00.0,0.02070547736136339,0.9913836469845304
2016-09-22T00:00:00.0,0.017282289351179606,0.9915686467960676
2016-09-23T00:00:00.0,0.024477397639563556,0.9905272156501197
2016-09-24T00:00:00.0,0.024092589619683413,0.9903738121983601
2016-09-25T00:00:00.0,0.026321269401489246,0.9903199564077919
2016-09-26T00:00:00.0,0.03806993925845491,0.9898721236091799
2016-09-27T00:00:00.0,0.03294718249380048,0.9894706028954461
2016-09-28T00:00:00.0,0.036454547258333046,0.9892673198030361
2016-09-29T00:00:00.0,0.03864715128827512,0.9885721913253419
2016-09-30T00:00:00.0,0.04834752012275376,0.988268818353828
2016-10-01T00:00:00.0,0.059539020034267955,0.9876870542655152
2016-10-02T00:00:00.0,0.06074555351326716,0.9880992832647679
2016-10-03T00:00:00.0,0.06619299204469546,0.988009363118155
2016-10-04T00:00:00.0,0.06758792111676097,0.9878214060819452
2016-10-05T00:00:00.0,0.06884255559824519,0.9876110609989582
2016-10-06T00:00:00.0,0.06640944655587802,0.9871220115308192
2016-10-07T00:00:00.0,0.0717446494148413,0.9868398982241956
2016-10-08T00:00:00.0,0.07009719007972942,0.9864830203455459
2016-10-09T00:00:00.0,0.07521593842751008,0.9859890253818663
2016-10-10T00:00:00.0,0.06333499081371062,0.9857172435260589
2016-10-11T00:00:00.0,0.06051707375146333,0.9857016691302883
2016-10-12T00:00:00.0,0.056636926217671864,0.9853866123614805
2016-10-13T00:00:00.0,0.04222666755653521,0.9851973983260446
2016-10-14T00:00:00.0,0.0383344947721225,0.9850284905983056
2016-10-15T00:00:00.0,0.051261639189971106,0.984665788324455
2016-10-16T00:00:00.0,0.06610881529034666,0.9830702257159755
2016-10-17T00:00:00.0,0.07119148788626357,0.983565635402311
2016-10-18T00:00:00.0,0.07034972034277576,0.983434735137897
2016-10-19T00:00:00.0,0.07156427065552247,0.9831092784040861
2016-10-20T00:00:00.0,0.07439822138526478,0.983162730258865
2016-10-21T00:00:00.0,0.07897583345508899,0.982940743248365
2016-10-22T00:00:00.0,0.08465175174832112,0.9834957995186059
2016-10-23T00:00:00.0,0.09781940117859482,0.9829567248624574
2016-10-24T00:00:00.0,0.10232887016156525,0.9824388089497309
2016-10-25T00:00:00.0,0.10424489342721846,0.9822536402224769
2016-10-26T00:00:00.0,0.10025651863783573,0.9825558102213056
2016-10-27T00:00:00.0,0.08882050529702269,0.983393356957305
2016-10-28T00:00:00.0,0.084976433515095,0.9837518917946556
2016-10-29T00:00:00.0,0.07775727472546853,0.984052061845161
2016-10-30T00:00:00.0,0.0725784001245816,0.9845743047792622
2016-10-31T00:00:00.0,0.07867520218955763,0.98407027973247
2016-11-01T00:00:00.0,0.0770838606906783,0.9842841938270602
2016-11-02T00:00:00.0,0.06481810505699868,0.9859818714065972
2016-11-03T00:00:00.0,0.06891470710197271,0.9856662471646735
2016-11-04T00:00:00.0,0.06869825259079014,0.9857438172055609
2016-11-05T00:00:00.0,0.06940774237744417,0.985589485907334
2016-11-06T00:00:00.0,0.06880647984638143,0.9857308444341581
2016-11-07T00:00:00.0,0.06728728985122961,0.9858438628823317
2016-11-08T00:00:00.0,0.06852989908209259,0.9857601706691089
2016-11-09T00:00:00.0,0.06517886257563632,0.9859870728539427
2016-11-10T00:00:00.0,0.060468972748978306,0.9863139496271028
2016-11-11T00:00:00.0,0.058889656500720214,0.9859339649459786
2016-11-12T00:00:00.0,0.054901281711337464,0.9859885906358725
2016-11-13T00:00:00.0,0.06485418080886246,0.9858877227750154
2016-11-14T00:00:00.0,0.06884255559824519,0.9858956512351833
2016-11-15T00:00:00.0,0.07351636967303944,0.9856837580043306
2016-11-16T00:00:00.0,0.07698765868570825,0.9854201165366386
2016-11-17T00:00:00.0,0.07485518090887244,0.985589534068757
2016-11-18T00:00:00.0,0.0700731395784869,0.9858917679842353
2016-11-19T00:00:00.0,0.07520391317688883,0.9854687896651573
2016-11-20T00:00:00.0,0.0792403889687566,0.9853553374392494
2016-11-21T00:00:00.0,0.08503655976820126,0.984910725143294
2016-11-22T00:00:00.0,0.0988455558982752,0.9847712898708831
2016-11-23T00:00:00.0,0.103026334697598,0.9843763315071079
2016-11-24T00:00:00.0,0.0920753397985089,0.9851794137230163
2016-11-25T00:00:00.0,0.08469985275080613,0.9855608388093439
2016-11-26T00:00:00.0,0.08457960024459359,0.9852991000401148
2016-11-27T00:00:00.0,0.08035072044278577,0.9855666787911042
2016-11-28T00:00:00.0,0.07950494448242419,0.9858046685442315
2016-11-29T00:00:00.0,0.07561277169801148,0.9864046105002816
2016-11-30T00:00:00.0,0.08490428201136747,0.9862221471800897
2016-12-01T00:00:00.0,0.08184185151982132,0.9860977730661511
2016-12-02T00:00:00.0,0.08047097294899831,0.9859850016451288
2016-12-03T00:00:00.0,0.06889065660073021,0.9848406460396988
2016-12-04T00:00:00.0,0.06732336560309338,0.984858678771064
2016-12-05T00:00:00.0,0.07409759011973341,0.9845187396950335
2016-12-06T00:00:00.0,0.08067540220955963,0.9839057208001325
2016-12-07T00:00:00.0,0.08304838499882053,0.9838493568437086
2016-12-08T00:00:00.0,0.08332496576310938,0.9838324371028521
2016-12-09T00:00:00.0,0.0847118780014274,0.9838361505017283
2016-12-10T00:00:00.0,0.09355444562492321,0.9829120988707654
2016-12-11T00:00:00.0,0.09854492463274382,0.982498359974042
2016-12-12T00:00:00.0,0.09315761235442183,0.9831701170076588
2016-12-13T00:00:00.0,0.08719308804627958,0.9831913121035668
2016-12-14T00:00:00.0,0.08409859021974342,0.9833995737449194
2016-12-15T00:00:00.0,0.09113336183317731,0.9828311092322558
2016-12-16T00:00:00.0,0.09512173662256004,0.9824097178116594
2016-12-17T00:00:00.0,0.09904998515883653,0.981782422511464
2016-12-18T00:00:00.0,0.09435212058279976,0.9824799565439526
2016-12-19T00:00:00.0,0.0940514893172684,0.9824766439177082
2016-12-20T00:00:00.0,0.09695358313386448,0.9822899565679304
2016-12-21T00:00:00.0,0.09614789134224043,0.9827228160514018
2016-12-22T00:00:00.0,0.0936626728805145,0.982966280093341
2016-12-23T00:00:00.0,0.0862070174953367,0.983656849147081
2016-12-24T00:00:00.0,0.07875937894390642,0.9845336922251485
2016-12-25T00:00:00.0,0.06696260808445574,0.9858051221554602
2016-12-26T00:00:00.0,0.04682833012760194,0.9871454680408256
2016-12-27T00:00:00.0,0.04425091807777972,0.9872784384626375
2016-12-28T00:00:00.0,0.053021334197548016,0.9866935629168534
2016-12-29T00:00:00.0,0.05338209171618565,0.9865978420490287
2016-12-30T00:00:00.0,0.050780629165120925,0.9868410341491352
2016-12-31T00:00:00.0,0.04841967162648129,0.9870989403928129
2017-01-01T00:00:00.0,0.045705973402951516,0.9874172849480766
2017-01-02T00:00:00.0,0.03717606229560832,0.9879115387521733
2017-01-03T00:00:00.0,0.043224763358099334,0.9877360932086449
2017-01-04T00:00:00.0,0.045489518891768936,0.9876984569076157
2017-01-05T00:00:00.0,0.0353923167867889,0.9882609845044863
2017-01-06T00:00:00.0,0.041224563338097334,0.9882446476238981
2017-01-07T00:00:00.0,0.038154116012803684,0.9884563786439875
2017-01-08T00:00:00.0,0.05146606845053243,0.9876013954402062
2017-01-09T00:00:00.0,0.05324981395935185,0.9874674178017244
2017-01-10T00:00:00.0,0.05963522203923799,0.9867505957762689
2017-01-11T00:00:00.0,0.06161137155799748,0.9867495079126126
2017-01-12T00:00:00.0,0.07375687468546453,0.9875882712551277
2017-01-13T00:00:00.0,0.07334801616434188,0.9875963523320204
2017-01-14T00:00:00.0,0.07469885265079615,0.9872652649954802
2017-01-15T00:00:00.0,0.07680727992638943,0.9873226458769918
2017-01-16T00:00:00.0,0.07120351313688483,0.9880800032544741
2017-01-17T00:00:00.0,0.06657780006457559,0.9883203460224363
2017-01-18T00:00:00.0,0.05745464325991718,0.9889123677298948
2017-01-19T00:00:00.0,0.04664795136828312,0.9897663532431077
2017-01-20T00:00:00.0,0.030959007724419736,0.9902362655267224
2017-01-21T00:00:00.0,0.033428192518650666,0.9899374735157076
2017-01-22T00:00:00.0,0.036430496757090536,0.9899176336595769
2017-01-23T00:00:00.0,0.04135684109493114,0.989878512651514
2017-01-24T00:00:00.0,0.0144643722889323,0.9901079802219269
2017-01-25T00:00:00.0,0.0019220358909638458,0.9902889907990574
2017-01-26T00:00:00.0,0.001412966947997405,0.9902022242256587
2017-01-27T00:00:00.0,0.01096903277502099,0.9902722788133097
2017-01-28T00:00:00.0,0.014524498542038572,0.9896640930393485
2017-01-29T00:00:00.0,0.008860605499427698,0.9896413180871527
2017-01-30T00:00:00.0,0.009570095286081715,0.9896436871721701
2017-01-31T00:00:00.0,0.0074135670080034055,0.989791755780514
2017-02-01T00:00:00.0,0.0007275276625858979,0.9898209313695393
2017-02-02T00:00:00.0,0.0005230984020245712,0.9898189977738467
2017-02-03T00:00:00.0,0.005220962978061333,0.990237935349725
2017-02-04T00:00:00.0,0.02297023289503299,0.9903561710448454
2017-02-05T00:00:00.0,0.019799575147895553,0.9903085711845016
2017-02-06T00:00:00.0,0.00870427724135139,0.9907088195080936
2017-02-07T00:00:00.0,0.007149011494335806,0.9910601841008666
2017-02-08T00:00:00.0,0.005317164983031369,0.9911425065769838
2017-02-09T00:00:00.0,0.005545644744835205,0.9912445378968798
2017-02-10T00:00:00.0,0.012379995514581518,0.9910496598881691
2017-02-11T00:00:00.0,0.02627316839900423,0.9907029807739541
2017-02-12T00:00:00.0,0.03118748748622357,0.9905760304356614
2017-02-13T00:00:00.0,0.029560070235480462,0.9907098854142492
2017-02-14T00:00:00.0,0.03879145429573017,0.9903843467983623
2017-02-15T00:00:00.0,0.03410561497031466,0.9904032471103553
2017-02-16T00:00:00.0,0.038394621025228774,0.9902367505194835
2017-02-17T00:00:00.0,0.0229942833962755,0.9904046105472287
2017-02-18T00:00:00.0,0.010367770243958263,0.9902709435435976
2017-02-19T00:00:00.0,0.0020783641490401544,0.9899497611993741
2017-02-20T00:00:00.0,0.0012806891911636053,0.990099044762273
2017-02-21T00:00:00.0,0.00542539223862266,0.9900625243787193
2017-02-22T00:00:00.0,0.0007996791663134249,0.9894276714656738
2017-02-23T00:00:00.0,0.00024651763773571745,0.9894087903039123
2017-02-24T00:00:00.0,-0.0033450238811456295,0.9895831947708301
2017-02-25T00:00:00.0,-0.0004309048139282866,0.9897624590079521
2017-02-26T00:00:00.0,0.004379195434573518,0.9901358879363729
2017-02-27T00:00:00.0,0.008235292467122464,0.9899969790989311
2017-02-28T00:00:00.0,0.0009319569231472246,0.9902076247699562
2017-03-01T00:00:00.0,0.010247517737745718,0.990048019081618
2017-03-02T00:00:00.0,0.006559774213894336,0.9901916981469714
2017-03-03T00:00:00.0,0.0017977749678775494,0.9899229084661183
2017-03-04T00:00:00.0,0.0031245609530892965,0.9896823903122309
2017-03-05T00:00:00.0,0.023114535902488045,0.988425758443335
2017-03-06T00:00:00.0,0.033596546027348226,0.9869960891518342
2017-03-07T00:00:00.0,0.03148811875175494,0.9871056896822445
2017-03-08T00:00:00.0,0.026164941143412935,0.9872311390205039
2017-03-09T00:00:00.0,0.026429496657080536,0.9879896703845396
2017-03-10T00:00:00.0,0.03050204820081207,0.9876716316831339
2017-03-11T00:00:00.0,0.0322016169552827,0.9874774735627874
2017-03-12T00:00:00.0,0.029391716726782896,0.9880538196037862
2017-03-13T00:00:00.0,0.04662390086704061,0.9876560296080736
2017-03-14T00:00:00.0,0.0440464888172184,0.9883043640515311
2017-03-15T00:00:00.0,0.03766909757107975,0.9887847810700625
2017-03-16T00:00:00.0,0.036875431030076955,0.9881170645624747
2017-03-17T00:00:00.0,0.04494838261381248,0.9879893409255294
2017-03-18T00:00:00.0,0.04470787760138739,0.9878677680384608
2017-03-19T00:00:00.0,0.04145304309990117,0.9881667671289466
2017-03-20T00:00:00.0,0.044551549343311084,0.9879958807954745
2017-03-21T00:00:00.0,0.04502053411754001,0.9879059629586393
2017-03-22T00:00:00.0,0.040130265531563174,0.988154105278648
2017-03-23T00:00:00.0,0.03055014920329708,0.9886057412290957
2017-03-24T00:00:00.0,0.020897881371303464,0.9887949794509288
2017-03-25T00:00:00.0,0.020897881371303464,0.9886510071390762
2017-03-26T00:00:00.0,0.022621500627016608,0.9886287084509198
2017-03-27T00:00:00.0,0.027824425729146063,0.9885871781613536
2017-03-28T00:00:00.0,0.019775524646653043,0.9891181604514673
2017-03-29T00:00:00.0,0.01683735507819319,0.9893037897718134
2017-03-30T00:00:00.0,0.022549349123289084,0.9891732232746991
2017-03-31T00:00:00.0,0.019090085361241536,0.9892895553039962
2017-04-01T00:00:00.0,0.01707786009061828,0.9893025137041825
2017-04-02T00:00:00.0,0.014897281311297462,0.989577647439253
2017-04-03T00:00:00.0,0.01958312063671297,0.9907097040019093
2017-04-04T00:00:00.0,0.019102110611862788,0.990677836986641
2017-04-05T00:00:00.0,0.022717702631986646,0.990548585027093
2017-04-06T00:00:00.0,0.012379995514581518,0.9910081142402335
2017-04-07T00:00:00.0,0.005810200258502805,0.9909114406348887
2017-04-08T00:00:00.0,0.011750674065402531,0.9907334719922855
2017-04-09T00:00:00.0,0.017703173122923514,0.9904941485108325
2017-04-10T00:00:00.0,0.007738248774777278,0.9909659637457935
2017-04-11T00:00:00.0,0.014620700547008609,0.9908040453159868
2017-04-12T00:00:00.0,0.018079964309056156,0.9911542808701774
2017-04-13T00:00:00.0,0.0172582388499371,0.9911760153525593
2017-04-14T00:00:00.0,0.020188391584649447,0.9907443305482375
2017-04-15T00:00:00.0,0.004908306461908716,0.9917711833518621
2017-04-16T00:00:00.0,0.0020543136477976457,0.99170569814336
2017-04-17T00:00:00.0,0.0010041084268747516,0.9918230149257591
2017-04-18T00:00:00.0,-0.00556167841233021,0.9921519354194601
2017-04-19T00:00:00.0,-0.02073353627947965,0.9924151635937157
2017-04-20T00:00:00.0,-0.03596151198286161,0.9922899024330663
2017-04-21T00:00:00.0,-0.04101211724378851,0.9920195037222821
2017-04-22T00:00:00.0,-0.05044793056459954,0.9912408663592359
2017-04-23T00:00:00.0,-0.04575808282231029,0.991386904886295
2017-04-24T00:00:00.0,-0.04373383230106578,0.9913972981094535
2017-04-25T00:00:00.0,-0.041481102018017434,0.9913299823268918
2017-04-26T00:00:00.0,-0.04830342753714249,0.9915368144975923
2017-04-27T00:00:00.0,-0.03968533125857676,0.9919457810017513
2017-04-28T00:00:00.0,-0.04779435859417605,0.9915879233636178
2017-04-29T00:00:00.0,-0.049626205105480485,0.9922483904483149
2017-04-30T00:00:00.0,-0.059098094178155286,0.9923242462650933
2017-05-01T00:00:00.0,-0.06665395998517688,0.9920903648502708
2017-05-02T00:00:00.0,-0.06726724776686085,0.991849875834356
2017-05-03T00:00:00.0,-0.06642548022337304,0.9918219316023917
2017-05-04T00:00:00.0,-0.06913517003002904,0.9918544643432596
2017-05-05T00:00:00.0,-0.07291911555885047,0.9917458944733183
2017-05-06T00:00:00.0,-0.07583323462606781,0.9914346554534731
2017-05-07T00:00:00.0,-0.07153220332053245,0.9916887535981178
2017-05-08T00:00:00.0,-0.06636535397026677,0.9921681244474277
2017-05-09T00:00:00.0,-0.06447338120585605,0.9928123415404596
2017-05-10T00:00:00.0,-0.07051005701772582,0.9925962373245232
2017-05-11T00:00:00.0,-0.07464273481456361,0.9924507740621152
2017-05-12T00:00:00.0,-0.07386911035792959,0.9925504723202341
2017-05-13T00:00:00.0,-0.07897984187196275,0.9923040155934953
2017-05-14T00:00:00.0,-0.07514779534065631,0.9924432755512005
2017-05-15T00:00:00.0,-0.07383303460606581,0.9925239594342689
2017-05-16T00:00:00.0,-0.07908806912755403,0.9922323626387712
2017-05-17T00:00:00.0,-0.09581118432484531,0.9909954207301911
2017-05-18T00:00:00.0,-0.10275376235018292,0.9904517328300533
2017-05-19T00:00:00.0,-0.09909006932757405,0.9908811747469138
2017-05-20T00:00:00.0,-0.0903076279571845,0.9914063021203111
2017-05-21T00:00:00.0,-0.09656075828023684,0.9909180274285011
2017-05-22T00:00:00.0,-0.10716302091130957,0.9896075524751402
2017-05-23T00:00:00.0,-0.10840563014217254,0.9892336324623617
2017-05-24T00:00:00.0,-0.11728427351753211,0.9878105717504019
2017-05-25T00:00:00.0,-0.10322274712441183,0.9892929748796372
2017-05-26T00:00:00.0,-0.11386108550734833,0.9897130407712617
2017-05-27T00:00:00.0,-0.11137987546249616,0.9900675654792964
2017-05-28T00:00:00.0,-0.10818917563098994,0.990505935360264
2017-05-29T00:00:00.0,-0.08747367722744218,0.991743092081925
2017-05-30T00:00:00.0,-0.06226875192529272,0.9926021264743463
2017-05-31T00:00:00.0,-0.06456958321082609,0.992546265716647
2017-06-01T00:00:00.0,-0.06648560647647932,0.992748585229056
2017-06-02T00:00:00.0,-0.06990478606978934,0.9928696985479568
2017-06-03T00:00:00.0,-0.0679406618016511,0.9929261790194588
2017-06-04T00:00:00.0,-0.07247418128586405,0.9929038377822763
2017-06-05T00:00:00.0,-0.07290709030822921,0.992498696898232
2017-06-06T00:00:00.0,-0.06844973074461755,0.9927326734840616
2017-06-07T00:00:00.0,-0.0487243113088864,0.9937458925409716
2017-06-08T00:00:00.0,-0.041974137293488874,0.9935425531827736
2017-06-09T00:00:00.0,-0.03132377365993112,0.9933423792203255
2017-06-10T00:00:00.0,-0.02750375237924594,0.9932990438099583
2017-06-11T00:00:00.0,-0.028590033352032602,0.9929904351402239
2017-06-12T00:00:00.0,-0.0299368614216131,0.9930008913422694
2017-06-13T00:00:00.0,-0.040386804211483274,0.9931554214276677
2017-06-14T00:00:00.0,-0.03990178576975934,0.9932105484641885
2017-06-15T00:00:00.0,-0.043469276787398176,0.9932734833011084
2017-06-16T00:00:00.0,-0.042182574970923946,0.9931616567382752
2017-06-17T00:00:00.0,-0.03931254848931787,0.9930344262176484
2017-06-18T00:00:00.0,-0.04451948200832107,0.9925426291594974
2017-06-19T00:00:00.0,-0.041697556529200014,0.9924069584503123
2017-06-20T00:00:00.0,-0.04453150725894233,0.992498751606252
2017-06-21T00:00:00.0,-0.04642348002335304,0.9920053648502574
2017-06-22T00:00:00.0,-0.04592643633100785,0.9916310146182384
2017-06-23T00:00:00.0,-0.06103816794505102,0.9905361958118055
2017-06-24T00:00:00.0,-0.06120652145374858,0.9901330971430543
2017-06-25T00:00:00.0,-0.060929940689459734,0.9898152333669356
2017-06-26T00:00:00.0,-0.04972240711045052,0.990571346587032
2017-06-27T00:00:00.0,-0.0511213445993898,0.9908276911293807
2017-06-28T00:00:00.0,-0.055157820391257564,0.9901331025431983
2017-06-29T00:00:00.0,-0.05897784167194274,0.9899426078949691
2017-06-30T00:00:00.0,-0.056677010386409384,0.9903081112958145
2017-07-01T00:00:00.0,-0.038831538464467685,0.9902812040840404
2017-07-02T00:00:00.0,-0.04051908196831707,0.9919125084034168
2017-07-03T00:00:00.0,-0.03509569393813129,0.9924516390082001
2017-07-04T00:00:00.0,-0.03749272722863469,0.992368194468592
2017-07-05T00:00:00.0,-0.025082668587500034,0.9930528565626223
2017-07-06T00:00:00.0,-0.024313052547739744,0.9931353746951422
2017-07-07T00:00:00.0,-0.011886960239110083,0.9931315995647108
2017-07-08T00:00:00.0,-0.015334198750536376,0.9929487821129652
2017-07-09T00:00:00.0,-0.02169555632918001,0.9920992262711894
2017-07-10T00:00:00.0,-0.014468380705806052,0.9921562397793997
2017-07-11T00:00:00.0,-0.02027657675587198,0.9914219632509965
2017-07-12T00:00:00.0,-0.01741857552488716,0.991013696158396
2017-07-13T00:00:00.0,-0.012371978680834016,0.9907340651914742
2017-07-14T00:00:00.0,-0.005441425906117666,0.9904804531181737
2017-07-15T00:00:00.0,0.0025232984220265714,0.9908927818325408
2017-07-16T00:00:00.0,0.009016933757504007,0.9911581879986088
2017-07-17T00:00:00.0,0.011642446809811241,0.9911044653106482
2017-07-18T00:00:00.0,0.017246213599315843,0.9910323403441904
2017-07-19T00:00:00.0,0.023535419674231953,0.9906075050505171
2017-07-20T00:00:00.0,0.028129065411551177,0.9906985176045807
2017-07-21T00:00:00.0,0.02424891787775972,0.9902744074554571
2017-07-22T00:00:00.0,0.036430496757090536,0.9905856621495769
2017-07-23T00:00:00.0,0.06362359682862073,0.9889692589055666
2017-07-24T00:00:00.0,0.06932356562309537,0.9883181133012666
2017-07-25T00:00:00.0,0.07895178295384649,0.9873118946267336
2017-07-26T00:00:00.0,0.08253129922210657,0.9878389902701027
2017-07-27T00:00:00.0,0.07686740617949571,0.9882412522942101
2017-07-28T00:00:00.0,0.07684335567825319,0.9879684720420618
2017-07-29T00:00:00.0,0.07913216171316531,0.9862757270459104
2017-07-30T00:00:00.0,0.08068742746018089,0.9854947303432466
2017-07-31T00:00:00.0,0.0780739396584949,0.9851140056668013
2017-08-01T00:00:00.0,0.081024134477576,0.9847686566344197
2017-08-02T00:00:00.0,0.09012324078099193,0.9836028867469258
2017-08-03T00:00:00.0,0.09624409334721047,0.9825053697763896
2017-08-04T00:00:00.0,0.10899085900574025,0.9801309727879522
2017-08-05T00:00:00.0,0.12104016012823726,0.977714163160346
2017-08-06T00:00:00.0,0.12507663592010504,0.9765137361113401
2017-08-07T00:00:00.0,0.1266078511658781,0.9761899321852828
2017-08-08T00:00:00.0,0.13513776227322133,0.9743268932055608
2017-08-09T00:00:00.0,0.14349931987186695,0.9725236484121186
2017-08-10T00:00:00.0,0.14641744735595805,0.9708054339579962
2017-08-11T00:00:00.0,0.16053910000218458,0.9671875063061025
2017-08-12T00:00:00.0,0.1693335666231954,0.9635954275130988
2017-08-13T00:00:00.0,0.1692493898688466,0.9632506492948129
2017-08-14T00:00:00.0,0.16899685960580027,0.963005656984092
2017-08-15T00:00:00.0,0.16886458184896647,0.962604174855697
2017-08-16T00:00:00.0,0.16473190405212865,0.9605747090347567
2017-08-17T00:00:00.0,0.17009516582920817,0.9594950487320928
2017-08-18T00:00:00.0,0.16905698585890652,0.9581139630781592
2017-08-19T00:00:00.0,0.18428896997916225,0.9519060689458104
2017-08-20T00:00:00.0,0.19874732964278394,0.9458925199491709
2017-08-21T00:00:00.0,0.20502451046707876,0.9426848521151349
2017-08-22T00:00:00.0,0.20315658820391058,0.9429083158916174
2017-08-23T00:00:00.0,0.19081868106650346,0.9462792052670895
2017-08-24T00:00:00.0,0.18249319921972157,0.9485475984805034
2017-08-25T00:00:00.0,0.1744322728866073,0.9516138180689416
2017-08-26T00:00:00.0,0.17079263036524092,0.9525857857751862
2017-08-27T00:00:00.0,0.1665036243103268,0.9547777595146981
2017-08-28T00:00:00.0,0.16304436054827925,0.9550532857904784
2017-08-29T00:00:00.0,0.16684033132772194,0.9536261193949748
2017-08-30T00:00:00.0,0.17815609216232245,0.9542073060618125
2017-08-31T00:00:00.0,0.17821621841542873,0.9549933914786072
2017-09-01T00:00:00.0,0.16732134135257212,0.9579638166851323
2017-09-02T00:00:00.0,0.1681671173129337,0.9579888909439673
2017-09-03T00:00:00.0,0.1648521565583412,0.9592912114154069
2017-09-04T00:00:00.0,0.17007111532796568,0.9550753259576904
2017-09-05T00:00:00.0,0.17891368295146148,0.9523992055664678
2017-09-06T00:00:00.0,0.17874532944276392,0.9521399346532077
2017-09-07T00:00:00.0,0.18580415155744032,0.9532695519993915
2017-09-08T00:00:00.0,0.1897805010962018,0.9531463224920662
2017-09-09T00:00:00.0,0.1906984285602909,0.9530776174346061
2017-09-10T00:00:00.0,0.1932517901088706,0.9502220502759028
2017-09-11T00:00:00.0,0.2020863408986189,0.9465095525717993
2017-09-12T00:00:00.0,0.2081470672117312,0.945302299003241
2017-09-13T00:00:00.0,0.2085078247303688,0.9465849190634257
2017-09-14T00:00:00.0,0.1988074558958902,0.9487488027674964
2017-09-15T00:00:00.0,0.1928068558358842,0.9489844145917334
2017-09-16T00:00:00.0,0.1946747780990524,0.9483196848394029
2017-09-17T00:00:00.0,0.1887222790415314,0.9497647928799021
2017-09-18T00:00:00.0,0.19184082736931007,0.9476893964065433
2017-09-19T00:00:00.0,0.18565984854998527,0.9498590221184976
2017-09-20T00:00:00.0,0.17038377184411826,0.9560660266847613
2017-09-21T00:00:00.0,0.16468380304964364,0.9593369288406104
2017-09-22T00:00:00.0,0.16888863235020896,0.9576517501060795
2017-09-23T00:00:00.0,0.17175465041494128,0.9570583085690666
2017-09-24T00:00:00.0,0.17628816989915425,0.9567954743607322
2017-09-25T00:00:00.0,0.1675618463649972,0.9590945400187364
2017-09-26T00:00:00.0,0.15235792116285776,0.9631160005414346
2017-09-27T00:00:00.0,0.1417997511173963,0.9667019680985032
2017-09-28T00:00:00.0,0.13889765730080023,0.9687712409737614
2017-09-29T00:00:00.0,0.13884955629831522,0.9704952467391511
2017-09-30T00:00:00.0,0.13512573702260006,0.9721622617380542
2017-10-01T00:00:00.0,0.13318566325570433,0.9725745301242789
2017-10-02T00:00:00.0,0.14475395435335117,0.9704784277636168
2017-10-03T00:00:00.0,0.14939169267628166,0.9701572830342281
2017-10-04T00:00:00.0,0.14100608457639352,0.9684669552808067
2017-10-05T00:00:00.0,0.1262110178953767,0.9720529934928336
2017-10-06T00:00:00.0,0.1168233055770507,0.9737031737766576
2017-10-07T00:00:00.0,0.11428196927909223,0.9748044325328957
2017-10-08T00:00:00.0,0.11102713477760602,0.9756705147860785
2017-10-09T00:00:00.0,0.10291810744200672,0.9770640684793276
2017-10-10T00:00:00.0,0.10214849140224642,0.9770549142011727
2017-10-11T00:00:00.0,0.11044992274778581,0.9760025480352008
2017-10-12T00:00:00.0,0.09843669737715253,0.9762525529627241
2017-10-13T00:00:00.0,0.1021003903997614,0.9754104286904707
2017-10-14T00:00:00.0,0.10040082164529077,0.9764716068112748
2017-10-15T00:00:00.0,0.09650864886087807,0.9771841045762336
2017-10-16T00:00:00.0,0.09931454067250411,0.9768970563384048
2017-10-17T00:00:00.0,0.09539831738684891,0.9777620628111249
2017-10-18T00:00:00.0,0.09944681842933792,0.9768158485558782
2017-10-19T00:00:00.0,0.105639822499284,0.976260924112103
2017-10-20T00:00:00.0,0.10559172149679898,0.9781227733856083
2017-10-21T00:00:00.0,0.09580717590797155,0.9800683256342191
2017-10-22T00:00:00.0,0.08343319301870067,0.9819192802028576
2017-10-23T00:00:00.0,0.07296320814446175,0.9832092342098814
2017-10-24T00:00:00.0,0.07825431841781373,0.9833908991218664
2017-10-25T00:00:00.0,0.0812646394900011,0.9835809589868834
2017-10-26T00:00:00.0,0.08127666474062237,0.9835074937587678
2017-10-27T00:00:00.0,0.0815291950036687,0.9833441935344247
2017-10-28T00:00:00.0,0.06674615357327315,0.9852047637095322
2017-10-29T00:00:00.0,0.07054212435271583,0.984898490505344
2017-10-30T00:00:00.0,0.08303635974819927,0.9834778309187732
2017-10-31T00:00:00.0,0.08654372451273183,0.9826107244282023
2017-11-01T00:00:00.0,0.08488023151012496,0.9830186723269564
2017-11-02T00:00:00.0,0.08077160421452967,0.983285875527195
2017-11-03T00:00:00.0,0.07625411839781172,0.9839128446029424
2017-11-04T00:00:00.0,0.07827836891905623,0.9836439595159214
2017-11-05T00:00:00.0,0.09525401437939385,0.981682237237124
2017-11-06T00:00:00.0,0.10958009628618173,0.9797643653231223
2017-11-07T00:00:00.0,0.10121853868753608,0.9811009793442278
2017-11-08T00:00:00.0,0.10005208937727439,0.9813854364308978
2017-11-09T00:00:00.0,0.10183182646922007,0.9811476588256706
2017-11-10T00:00:00.0,0.10569994875239026,0.9805970690504554
2017-11-11T00:00:00.0,0.11046194799840706,0.9798054509340176
2017-11-12T00:00:00.0,0.11663090156711063,0.9782864047698616
2017-11-13T00:00:00.0,0.12222264310599396,0.980311820680995
2017-11-14T00:00:00.0,0.12908906121073027,0.9793685813490406
2017-11-15T00:00:00.0,0.13041584719594204,0.9793065161016221
2017-11-16T00:00:00.0,0.12173762466427002,0.9806235024442896
2017-11-17T00:00:00.0,0.11866717733897637,0.9808838128829175
2017-11-18T00:00:00.0,0.12475195415333115,0.9799613096180335
2017-11-19T00:00:00.0,0.12846374817842507,0.9792005779990255
2017-11-20T00:00:00.0,0.12482410565705869,0.9791069705717097
2017-11-21T00:00:00.0,0.13570294905242028,0.9784669083847851
2017-11-22T00:00:00.0,0.13347426927061443,0.9790121900721617
2017-11-23T00:00:00.0,0.13015129168227443,0.9789827844199638
2017-11-24T00:00:00.0,0.12278782988519293,0.980389202926241
2017-11-25T00:00:00.0,0.11477500455456369,0.980283824016718
2017-11-26T00:00:00.0,0.1066900277202069,0.9812935799472742
2017-11-27T00:00:00.0,0.10319468820629558,0.9816512327596807
2017-11-28T00:00:00.0,0.10684635597828321,0.9810282472462165
2017-11-29T00:00:00.0,0.11560474684743025,0.9788917676401686
2017-11-30T00:00:00.0,0.11851084908090007,0.9783666769537169
2017-12-01T00:00:00.0,0.12225871885785773,0.9775961294935185
2017-12-02T00:00:00.0,0.12277580463457168,0.9760206517339988
2017-12-03T00:00:00.0,0.1272451894488046,0.9747137272515409
2017-12-04T00:00:00.0,0.1333540167644019,0.9737893524574158
2017-12-05T00:00:00.0,0.13666897751899437,0.9728109142943367
2017-12-06T00:00:00.0,0.14008014027855692,0.9725574878315185
2017-12-07T00:00:00.0,0.1346687774989924,0.9735786587759776
2017-12-08T00:00:00.0,0.12807894015854493,0.9750091291033675
2017-12-09T00:00:00.0,0.12528106518066637,0.9758848673672207
2017-12-10T00:00:00.0,0.12033067034158326,0.9769013720078773
2017-12-11T00:00:00.0,0.1213528166443899,0.9762639726689566
2017-12-12T00:00:00.0,0.11919628836631158,0.9764183744955067
2017-12-13T00:00:00.0,0.12222264310599396,0.9744189695465758
2017-12-14T00:00:00.0,0.11947286913060043,0.9741581479695549
2017-12-15T00:00:00.0,0.11289505704077422,0.9754401090460186
2017-12-16T00:00:00.0,0.11059422575524086,0.9759347827532192
2017-12-17T00:00:00.0,0.10841364697592004,0.9762931354138948
2017-12-18T00:00:00.0,0.10338709221623565,0.977485790984199
2017-12-19T00:00:00.0,0.10464172669771989,0.9766962967178187
2017-12-20T00:00:00.0,0.10336304171499314,0.9770791694030798
2017-12-21T00:00:00.0,0.10046094789839706,0.9777824486224498
2017-12-22T00:00:00.0,0.08896480830447774,0.9801090852960668
2017-12-23T00:00:00.0,0.08738549205621965,0.9802174854952218
2017-12-24T00:00:00.0,0.08928949007125161,0.980167804136647
2017-12-25T00:00:00.0,0.09852087413150133,0.9779799530747625
2017-12-26T00:00:00.0,0.1065577499633731,0.9754645382718643
2017-12-27T00:00:00.0,0.10685838122890445,0.9754023409965322
2017-12-28T00:00:00.0,0.10343519321872068,0.9761735876707426
2017-12-29T00:00:00.0,0.09906201040945778,0.9778054997333373
2017-12-30T00:00:00.0,0.09286900633951171,0.9795277947641805
2017-12-31T00:00:00.0,0.0824471224677578,0.9776853953751853
2018-01-01T00:00:00.0,0.07877140419452767,0.9783132336164098
2018-01-02T00:00:00.0,0.07286700613949171,0.9799406442960455
2018-01-03T00:00:00.0,0.079637222239258,0.9786958420513233
2018-01-04T00:00:00.0,0.08767409807112975,0.9794858882672832
2018-01-05T00:00:00.0,0.09078462956516092,0.9790205588638632
2018-01-06T00:00:00.0,0.08960214658740423,0.9793484918885277
2018-01-07T00:00:00.0,0.07848279817961756,0.9814072048627559
2018-01-08T00:00:00.0,0.06865015158830512,0.9829359738551405
2018-01-09T00:00:00.0,0.0683374950721525,0.9828205157356598
2018-01-10T00:00:00.0,0.0721815668540802,0.9823589090843537
2018-01-11T00:00:00.0,0.08242307196651529,0.9822100048101522
2018-01-12T00:00:00.0,0.08296420824447175,0.9819548652460558
2018-01-13T00:00:00.0,0.09519388812628758,0.9798308761765303
2018-01-14T00:00:00.0,0.09769914867238227,0.9799165100030358
2018-01-15T00:00:00.0,0.10518286297567633,0.9783360254303898
2018-01-16T00:00:00.0,0.11376087508550455,0.9748952486171439
2018-01-17T00:00:00.0,0.12499245916575624,0.9706048352015121
2018-01-18T00:00:00.0,0.12275175413332916,0.9710840166494872
2018-01-19T00:00:00.0,0.09826834386845498,0.9746020655709894
2018-01-20T00:00:00.0,0.09738649215622965,0.9715892279696965
2018-01-21T00:00:00.0,0.10287000643952171,0.970457873455151
2018-01-22T00:00:00.0,0.09042387204652329,0.9722361709755163
2018-01-23T00:00:00.0,0.08251927397148533,0.9749061765512024
2018-01-24T00:00:00.0,0.08182982626920007,0.9753362356656683
2018-01-25T00:00:00.0,0.07014529108221444,0.9777629214977255
2018-01-26T00:00:00.0,0.07272270313203666,0.9771800484713379
2018-01-27T00:00:00.0,0.07612184064097792,0.9766520707764075
2018-01-28T00:00:00.0,0.07756487071552846,0.9767570210927361
2018-01-29T00:00:00.0,0.07922836371813534,0.9766066714957224
2018-01-30T00:00:00.0,0.07642247190650929,0.9772041826159804
2018-01-31T00:00:00.0,0.07949291923180295,0.9766195703772793
2018-02-01T00:00:00.0,0.07679525467576818,0.9771567877443493
2018-02-02T00:00:00.0,0.0751077111719188,0.9773657869741469
2018-02-03T00:00:00.0,0.06927546462061035,0.9788086863911337
2018-02-04T00:00:00.0,0.05840864647587003,0.9800946314800895
2018-02-05T00:00:00.0,0.06052909900208458,0.9799084310458273
2018-02-06T00:00:00.0,0.05982762604917806,0.9800420399899538
2018-02-07T00:00:00.0,0.05807193945847491,0.9803390372120545
2018-02-08T00:00:00.0,0.062204617255312705,0.9793390786064714
2018-02-09T00:00:00.0,0.06956407063552046,0.9814315006312512
2018-02-10T00:00:00.0,0.06751576961303345,0.9818538474727281
2018-02-11T00:00:00.0,0.06356347057551447,0.9824752682790988
2018-02-12T00:00:00.0,0.0594187675280554,0.983106559237947
2018-02-13T00:00:00.0,0.05526203922997511,0.9836772786624614
2018-02-14T00:00:00.0,0.05174264921482128,0.9842134176280766
2018-02-15T00:00:00.0,0.049225363418105336,0.9844533439402368
2018-02-16T00:00:00.0,0.0583124444709,0.983326617602822
2018-02-17T00:00:00.0,0.05875737874388641,0.9836253122788758
2018-02-18T00:00:00.0,0.056961607984445745,0.984093550136441
2018-02-19T00:00:00.0,0.06239702126525278,0.9833104291005274
2018-02-20T00:00:00.0,0.05961117153799548,0.9834987253164702
2018-02-21T00:00:00.0,0.05517786247562632,0.9842908543040757
2018-02-22T00:00:00.0,0.03679125427572817,0.9867895545788986
2018-02-23T00:00:00.0,0.030237492687144468,0.9873817351118117
2018-02-24T00:00:00.0,0.014716902551978646,0.9888023605989669
2018-02-25T00:00:00.0,0.008042888457182392,0.9898439935793003
2018-02-26T00:00:00.0,0.0046918519507261345,0.9907354911122379
2018-02-27T00:00:00.0,0.0014730932011036775,0.990934949942715
2018-02-28T00:00:00.0,0.01829641882023874,0.9901869889589374
2018-03-01T00:00:00.0,0.010524098502034573,0.9897155911023193
2018-03-02T00:00:00.0,0.0004028458958120261,0.9895393243641059
2018-03-03T00:00:00.0,0.011750674065402531,0.9897872907676157
2018-03-04T00:00:00.0,0.022982258145654244,0.9896012608517268
2018-03-05T00:00:00.0,0.018789454095710173,0.9898401803509207
2018-03-06T00:00:00.0,0.022417071366455283,0.9898220881344943
2018-03-07T00:00:00.0,0.028910706701932718,0.9896867447490062
2018-03-08T00:00:00.0,0.0380458887572124,0.9896623726323356
2018-03-09T00:00:00.0,0.029030959208145263,0.9899520797676589
2018-03-10T00:00:00.0,0.0008838559206622064,0.9904642911644135
2018-03-11T00:00:00.0,-0.01436015345021476,0.9909733981274291
2018-03-12T00:00:00.0,-0.023262847326816848,0.9906303703867809
2018-03-13T00:00:00.0,-0.02025252625462947,0.9914234191414458
2018-03-14T00:00:00.0,-0.019322573539919122,0.9915740616945967
2018-03-15T00:00:00.0,-0.027864509897883576,0.9917318930977234
2018-03-16T00:00:00.0,-0.008840563415058941,0.9921937447413999
2018-03-17T00:00:00.0,-0.009405750194257902,0.9923641535068705
2018-03-18T00:00:00.0,-0.013562478492338211,0.9924455481500354
2018-03-19T00:00:00.0,-0.017755282542282286,0.9925073369355857
2018-03-20T00:00:00.0,-0.020757586780722162,0.9922521838847236
2018-03-21T00:00:00.0,-0.019707381559799265,0.9922723438974559
2018-03-22T00:00:00.0,-0.020974041291904742,0.9923797943072235
2018-03-23T00:00:00.0,-0.015466476507370177,0.9923766792104447
2018-03-24T00:00:00.0,-0.012684635196986632,0.99223636012021
2018-03-25T00:00:00.0,-0.008912714918786467,0.9921829248672546
2018-03-26T00:00:00.0,-0.00108026834747603,0.9921380129139481
2018-03-27T00:00:00.0,-0.00083976333505094,0.99201845629754
2018-03-28T00:00:00.0,-0.001332798610522375,0.9917901200403878
2018-03-29T00:00:00.0,-0.001621404625432483,0.9916779819290251
2018-03-30T00:00:00.0,-0.0017536823822662828,0.9918152357140431
2018-03-31T00:00:00.0,-0.02187593508849883,0.9914611304185309
2018-04-01T00:00:00.0,-0.030794662632595927,0.9918397751054062
2018-04-02T00:00:00.0,-0.021779733083528794,0.9919175134745039
2018-04-03T00:00:00.0,-0.03279486265259793,0.9916084694933509
2018-04-04T00:00:00.0,-0.04131274850931987,0.9912423196640511
2018-04-05T00:00:00.0,-0.03902394247440776,0.9916418061237511
2018-04-06T00:00:00.0,-0.02902294237439776,0.9917360035103882
2018-04-07T00:00:00.0,-0.03323979692558434,0.9915288266555525
2018-04-08T00:00:00.0,-0.03521594644434384,0.9918361955738467
2018-04-09T00:00:00.0,-0.03671108593825314,0.9918324048124654
2018-04-10T00:00:00.0,-0.027058818106259524,0.9920347939694854
2018-04-11T00:00:00.0,-0.015574703762961467,0.9918959746099093
2018-04-12T00:00:00.0,-0.021310748309299868,0.9917543040945165
2018-04-13T00:00:00.0,-0.029564078652354216,0.991602962920163
2018-04-14T00:00:00.0,-0.03373283220105578,0.9916358160086386
2018-04-15T00:00:00.0,-0.019142194780600304,0.9912489594836659
2018-04-16T00:00:00.0,-0.03280688790321918,0.9909703602131366
2018-04-17T00:00:00.0,-0.04296421626130549,0.9913623908592711
2018-04-18T00:00:00.0,-0.04758992933361473,0.9912930832003621
2018-04-19T00:00:00.0,-0.022853988805694198,0.9917091794548606
2018-04-20T00:00:00.0,-0.0018498843872363187,0.9915249601346906
2018-04-21T00:00:00.0,0.006788253975698172,0.9909176284287624
2018-04-22T00:00:00.0,0.005365265985516387,0.9913218105741094
2018-04-23T00:00:00.0,0.004727927702589898,0.9915702151514222
2018-04-24T00:00:00.0,0.009004908506882753,0.9915268021436222
2018-04-25T00:00:00.0,-0.0005631825707620862,0.9916747136121798
2018-04-26T00:00:00.0,-0.0029962916131292486,0.9915138125504407
2018-04-27T00:00:00.0,0.00021044188587195393,0.9912216796846803
2018-04-28T00:00:00.0,0.0008598054194196975,0.9876870362474297
2018-04-29T00:00:00.0,-0.0007916623325659219,0.9866550992362564
2018-04-30T00:00:00.0,-0.007333398670528376,0.9869857547790281
2018-05-01T00:00:00.0,-0.01523799674556634,0.98761520985497
2018-05-02T00:00:00.0,-0.029660280657324248,0.9881897300150949
2018-05-03T00:00:00.0,-0.040639334474529616,0.98829184083766
2018-05-04T00:00:00.0,-0.04380598380479331,0.9885668228317632
2018-05-05T00:00:00.0,-0.04118047075248607,0.9882647217972196
2018-05-06T00:00:00.0,-0.04109629399813729,0.9885459685812277
2018-05-07T00:00:00.0,-0.04709689405814329,0.9887307569710371
2018-05-08T00:00:00.0,-0.05831645288777375,0.9886574565276376
2018-05-09T00:00:00.0,-0.06637737922088802,0.9886217498515274
2018-05-10T00:00:00.0,-0.06313456997002305,0.9886178486151709
2018-05-11T00:00:00.0,-0.05686941439634946,0.9893976582544756
2018-05-12T00:00:00.0,-0.0670147175038145,0.9897597820633025
2018-05-13T00:00:00.0,-0.048327478038385,0.9897675411411059
2018-05-14T00:00:00.0,-0.03960115450422798,0.9887705621768814
2018-05-15T00:00:00.0,-0.04539732530367265,0.9889787982342755
2018-05-16T00:00:00.0,-0.05521794664436384,0.9888841475417883
2018-05-17T00:00:00.0,-0.05914619518064031,0.9889943030800642
2018-05-18T00:00:00.0,-0.05130172335870861,0.9891173541492704
2018-05-19T00:00:00.0,-0.03821825068278371,0.9889451238975874
2018-05-20T00:00:00.0,-0.04233890322900025,0.9901115583729827
2018-05-21T00:00:00.0,-0.04650765677770182,0.9903389843859153
2018-05-22T00:00:00.0,-0.046363353770246765,0.9905590779608193
2018-05-23T00:00:00.0,-0.04651968202832307,0.9908083317871796
2018-05-24T00:00:00.0,-0.04775828284231228,0.9907962170873902
2018-05-25T00:00:00.0,-0.05379495865418206,0.991153141034549
2018-05-26T00:00:00.0,-0.05248420633646531,0.991730835671886
2018-05-27T00:00:00.0,-0.06687041449635946,0.9917747164762267
2018-05-28T00:00:00.0,-0.06224470142405022,0.9917400377376266
2018-05-29T00:00:00.0,-0.06649763172710056,0.9917789299604685
2018-05-30T00:00:00.0,-0.06865416000517888,0.9917213654249046
2018-05-31T00:00:00.0,-0.07307544381692678,0.9915268941547706
2018-06-01T00:00:00.0,-0.07913617013003905,0.9917411687132015
2018-06-02T00:00:00.0,-0.07684736409512695,0.9914710348739948
2018-06-03T00:00:00.0,-0.08229480262655524,0.9915208083315497
2018-06-04T00:00:00.0,-0.08287201465637545,0.9918952935623705
2018-06-05T00:00:00.0,-0.08941375099433792,0.9922703961543399
2018-06-06T00:00:00.0,-0.09665696028520687,0.9922863690568849
2018-06-07T00:00:00.0,-0.10277781285142541,0.9914530508483432
2018-06-08T00:00:00.0,-0.10575205817174903,0.9907322678648424
2018-06-09T00:00:00.0,-0.1053913006531114,0.990483226446722
2018-06-10T00:00:00.0,-0.09045193096463955,0.9915494044863096
2018-06-11T00:00:00.0,-0.07989376091917809,0.9921395371225324
2018-06-12T00:00:00.0,-0.07107524379692479,0.9925261049594007
2018-06-13T00:00:00.0,-0.06944782654618167,0.9927014042283937
2018-06-14T00:00:00.0,-0.0753883003530814,0.992290530411291
2018-06-15T00:00:00.0,-0.07184485983668508,0.9923969444335946
2018-06-16T00:00:00.0,-0.0745705833108361,0.9923856614687143
2018-06-17T00:00:00.0,-0.06126664770685485,0.9924986146298255
2018-06-18T00:00:00.0,-0.04690449004820321,0.9925404172257807
2018-06-19T00:00:00.0,-0.050940965840070976,0.9922604934343969
2018-06-20T00:00:00.0,-0.04626715176527673,0.9923882734415541
2018-06-21T00:00:00.0,-0.03969735650919801,0.9923581402742391
2018-06-22T00:00:00.0,-0.051878935388528835,0.9920049821056318
2018-06-23T00:00:00.0,-0.05489326487758997,0.9917153892817374
2018-06-24T00:00:00.0,-0.04647158102583806,0.9919725635836272
2018-06-25T00:00:00.0,-0.04520492129373258,0.9916586438841474
2018-06-26T00:00:00.0,-0.041649455526715,0.9913719749037314
2018-06-27T00:00:00.0,-0.04709689405814329,0.9909726336531264
2018-06-28T00:00:00.0,-0.0495179778498892,0.9906861540118544
2018-06-29T00:00:00.0,-0.04956607885237421,0.9906515679435534
2018-06-30T00:00:00.0,-0.05122957185498109,0.990843540379272
2018-07-01T00:00:00.0,-0.05039982956211453,0.9910579384999704
2018-07-02T00:00:00.0,-0.04187793528851883,0.9912845360436802
2018-07-03T00:00:00.0,-0.03283093840446169,0.9912819956517197
2018-07-04T00:00:00.0,-0.03474696167011491,0.9909622248962439
2018-07-05T00:00:00.0,-0.029888760419128083,0.9907900272147858
2018-07-06T00:00:00.0,-0.017683131038554758,0.991173502877391
2018-07-07T00:00:00.0,-0.01521394624432383,0.9910356211207333
2018-07-08T00:00:00.0,-0.013069443216866776,0.9913643765178347
2018-07-09T00:00:00.0,-0.014985466482519996,0.9914024219523931
2018-07-10T00:00:00.0,-0.025491527108622684,0.9902866173580402
2018-07-11T00:00:00.0,-0.02467381006637738,0.9912838235553502
2018-07-12T00:00:00.0,-0.02171960683042252,0.9916359806958891
2018-07-13T00:00:00.0,-0.02161137957483123,0.9919469985112657
2018-07-14T00:00:00.0,-0.017442626026129667,0.992375676062329
2018-07-15T00:00:00.0,-0.00721314616431583,0.9925132582100853
2018-07-16T00:00:00.0,-0.012804887703199179,0.9924886834256262
2018-07-17T00:00:00.0,-0.010804687683197178,0.993263691558221
2018-07-18T00:00:00.0,-0.0021665493202626873,0.9933383651816574
2018-07-19T00:00:00.0,-0.002924140109401722,0.993271412171608
2018-07-20T00:00:00.0,-0.004948390630646231,0.9933386163896476
2018-07-21T00:00:00.0,-0.004274976595855978,0.9935119224867709
2018-07-22T00:00:00.0,-0.008948790670650231,0.9937591881681529
2018-07-23T00:00:00.0,-0.008696260407603885,0.9937783902556359
2018-07-24T00:00:00.0,-0.009766507712895538,0.993819606378048
2018-07-25T00:00:00.0,-0.009550053201712958,0.9938928360539496
2018-07-26T00:00:00.0,-0.007068843156860777,0.9938289431700287
2018-07-27T00:00:00.0,0.0031245609530892965,0.9936278850230049
2018-07-28T00:00:00.0,0.0004389216476757897,0.9936564635948785
2018-07-29T00:00:00.0,0.012307844010853991,0.9932033877964858
2018-07-30T00:00:00.0,0.009197312516822825,0.9932906246746708
2018-07-31T00:00:00.0,0.008992883256261498,0.993273956885126
2018-08-01T00:00:00.0,0.013438217569251915,0.9929050061092421
2018-08-02T00:00:00.0,0.0073414155042758784,0.9930751890563185
2018-08-03T00:00:00.0,0.009149211514337806,0.9929601242803595
2018-08-04T00:00:00.0,0.008415671226441282,0.9930038431367546
2018-08-05T00:00:00.0,0.006896481231289462,0.9930137598256926
2018-08-06T00:00:00.0,0.004415271186437281,0.9931053449651763
2018-08-07T00:00:00.0,-0.0011283693499610481,0.9932670480935188
2018-08-08T00:00:00.0,-0.0031405946205843027,0.9932751831867388
2018-08-09T00:00:00.0,-0.0026836350969766318,0.993414456198313
2018-08-10T00:00:00.0,-0.0015853288735687197,0.9933885472480345
2018-08-11T00:00:00.0,0.011125361033097298,0.9912670902958961
2018-08-12T00:00:00.0,0.02116243688497106,0.9905769467133543
2018-08-13T00:00:00.0,0.015053609569373771,0.9906892362057206
2018-08-14T00:00:00.0,0.013378091316145643,0.9907973718006857
2018-08-15T00:00:00.0,0.010295618740230737,0.9908697851600361
2018-08-16T00:00:00.0,0.0034011417173781507,0.9911047795869755
2018-08-17T00:00:00.0,0.004403245935816026,0.9916777480697073
2018-08-18T00:00:00.0,0.011329790293658625,0.9921353281817659
2018-08-19T00:00:00.0,0.02882652994758394,0.9903650767801053
2018-08-20T00:00:00.0,0.0464675726089643,0.9897557690209848
2018-08-21T00:00:00.0,0.0548411554582312,0.9892750724754475
2018-08-22T00:00:00.0,0.06827736881904622,0.9877444230585601
2018-08-23T00:00:00.0,0.07961317173801549,0.9865047523738115
2018-08-24T00:00:00.0,0.08432706998154725,0.9860315731475097
2018-08-25T00:00:00.0,0.09668902762019689,0.9847562688433603
2018-08-26T00:00:00.0,0.10053309940212457,0.9859136625801082
2018-08-27T00:00:00.0,0.09361457187802948,0.9875946643118478
2018-08-28T00:00:00.0,0.1027136781814454,0.9862060131355448
2018-08-29T00:00:00.0,0.1030864609507043,0.9857756233081336
2018-08-30T00:00:00.0,0.103026334697598,0.9870052845775464
2018-08-31T00:00:00.0,0.10945984377996917,0.9869178464553989
2018-09-01T00:00:00.0,0.1085820004846176,0.9863163927356285
2018-09-02T00:00:00.0,0.1102935944897095,0.9820108496843462
2018-09-03T00:00:00.0,0.1224270723665553,0.9796052582779272
2018-09-04T00:00:00.0,0.12784645197986733,0.9783586324808133
2018-09-05T00:00:00.0,0.11748469436121968,0.9811775672656111
2018-09-06T00:00:00.0,0.11290708229139547,0.982633065362986
2018-09-07T00:00:00.0,0.1088706064995277,0.9831456331120721
2018-09-08T00:00:00.0,0.11428196927909223,0.9824755226889372
2018-09-09T00:00:00.0,0.10853389948213257,0.9818601291161664
2018-09-10T00:00:00.0,0.1102935944897095,0.9815556392178388
2018-09-11T00:00:00.0,0.11944881862935794,0.9803739994397008
2018-09-12T00:00:00.0,0.11869122784021889,0.980056806243452
2018-09-13T00:00:00.0,0.11887160659953772,0.9791434382793955
2018-09-14T00:00:00.0,0.12285998138892046,0.9782847348662267
2018-09-15T00:00:00.0,0.11125561453940985,0.9795554972842371
2018-09-16T00:00:00.0,0.11293113279263799,0.9783771998283219
2018-09-17T00:00:00.0,0.11459462579524486,0.9793448002171239
2018-09-18T00:00:00.0,0.11780937612799357,0.9781607529068487
2018-09-19T00:00:00.0,0.1232207389075581,0.9778465260431384
2018-09-20T00:00:00.0,0.11879945509581018,0.9761275567207504
2018-09-21T00:00:00.0,0.11406551476790966,0.9782812582443708
2018-09-22T00:00:00.0,0.110979033775121,0.978677369030141
2018-09-23T00:00:00.0,0.10465375194834113,0.9798848172513221
2018-09-24T00:00:00.0,0.10750774476245219,0.9795133369298343
2018-09-25T00:00:00.0,0.11077460451455966,0.97913491786184
2018-09-26T00:00:00.0,0.10941174277748415,0.9787139534060296
2018-09-27T00:00:00.0,0.10361557197803947,0.9775516113940513
2018-09-28T00:00:00.0,0.08762599706864474,0.9824579930969283
2018-09-29T00:00:00.0,0.07546846869055643,0.985491665232761
2018-09-30T00:00:00.0,0.0464435221077218,0.9896113143009985
2018-10-01T00:00:00.0,0.03144001774926992,0.9913455263082954
2018-10-02T00:00:00.0,0.01707786009061828,0.9921983320242154
2018-10-03T00:00:00.0,0.006728127722591899,0.9918024638105827
2018-10-04T00:00:00.0,0.0041266651715271725,0.9916065000987836
2018-10-05T00:00:00.0,0.00907706001061028,0.9913598182042099
2018-10-06T00:00:00.0,0.014957407564403735,0.9910606963149969
2018-10-07T00:00:00.0,0.01617596629402419,0.9909478476653967
2018-10-08T00:00:00.0,0.019775524646653043,0.9905886118466363
2018-10-09T00:00:00.0,0.026345319902731756,0.9895471458051618
2018-10-10T00:00:00.0,0.03088685622069221,0.9891511441344436
2018-10-11T00:00:00.0,0.035548645044865206,0.9891450074300956
2018-10-12T00:00:00.0,0.042106415050322664,0.9905355043513375
2018-10-13T00:00:00.0,0.041501144102386194,0.990203281915587
2018-10-14T00:00:00.0,0.04462370084703861,0.9898013957742082
2018-10-15T00:00:00.0,0.05734641600432588,0.9877142254916765
2018-10-16T00:00:00.0,0.070313644590912,0.9860358628186341
2018-10-17T00:00:00.0,0.0775287949636647,0.9844283257016903
2018-10-18T00:00:00.0,0.07964924748987925,0.9836256401738912
2018-10-19T00:00:00.0,0.07921633846751408,0.9844919719745421
2018-10-20T00:00:00.0,0.07090288187135346,0.9861430969494442
2018-10-21T00:00:00.0,0.06177972506669504,0.9874763368274532
2018-10-22T00:00:00.0,0.06076960401450967,0.987728531204161
2018-10-23T00:00:00.0,0.058059914207853655,0.9881249958984297
2018-10-24T00:00:00.0,0.058108015210338676,0.9890505158503197
2018-10-25T00:00:00.0,0.07155224540490121,0.9875805676301482
2018-10-26T00:00:00.0,0.07316763740502306,0.9878887843555255
2018-10-27T00:00:00.0,0.06522696357812134,0.9877721405455956
2018-10-28T00:00:00.0,0.04816714136343494,0.9895270086210726
2018-10-29T00:00:00.0,0.03658682501516684,0.9902935981144367
2018-10-30T00:00:00.0,0.03441827148646728,0.9906173416608994
2018-10-31T00:00:00.0,0.0407074775613834,0.989122116738427
2018-11-01T00:00:00.0,0.05815611621282369,0.9860730684359083
2018-11-02T00:00:00.0,0.06679425457575817,0.9850438291191027
2018-11-03T00:00:00.0,0.06505861006942378,0.9849264072800918
2018-11-04T00:00:00.0,0.06824129306718248,0.9844639751357345
2018-11-05T00:00:00.0,0.07030161934029074,0.9844531708975626
2018-11-06T00:00:00.0,0.08098805872571226,0.9837119449737832
2018-11-07T00:00:00.0,0.09432807008155726,0.9817235895249049
2018-11-08T00:00:00.0,0.10103815992821728,0.9807571287779194
2018-11-09T00:00:00.0,0.11503956006823127,0.9781289434715708
2018-11-10T00:00:00.0,0.12128066514066237,0.9769380268422111
2018-11-11T00:00:00.0,0.12174964991489129,0.9766876806413053
2018-11-12T00:00:00.0,0.1263432956522105,0.978428965458205
2018-11-13T00:00:00.0,0.1256658732005465,0.9787010559503314
2018-11-14T00:00:00.0,0.11667900256959564,0.9803412197741008
2018-11-15T00:00:00.0,0.11684735607829319,0.9803894825908603
2018-11-16T00:00:00.0,0.11648659855965557,0.9806440702182262
2018-11-17T00:00:00.0,0.11043789749716455,0.9817254405627016
2018-11-18T00:00:00.0,0.11605368953729041,0.9807977784982878
2018-11-19T00:00:00.0,0.11422184302598597,0.9811681772137822
2018-11-20T00:00:00.0,0.10842567222654129,0.9822609599541989
2018-11-21T00:00:00.0,0.10249722367026283,0.9831499736072605
2018-11-22T00:00:00.0,0.09747066891057844,0.9843776514517474
2018-11-23T00:00:00.0,0.08946986883057043,0.9856555726675271
2018-11-24T00:00:00.0,0.07975747474547053,0.9870200575790964
2018-11-25T00:00:00.0,0.0686020505858201,0.98819588183924
2018-11-26T00:00:00.0,0.06208436474910016,0.989156365691902
2018-11-27T00:00:00.0,0.05768312302172101,0.989619193005417
2018-11-28T00:00:00.0,0.06224069300717647,0.9890328775673923
2018-11-29T00:00:00.0,0.07056617485395834,0.9881947615378358
2018-11-30T00:00:00.0,0.08049502345024082,0.9871770563925317
2018-12-01T00:00:00.0,0.082314844710924,0.9870233922958133
2018-12-02T00:00:00.0,0.08678422952515692,0.9863227752054644
2018-12-03T00:00:00.0,0.08906101030944777,0.9851136488667102
2018-12-04T00:00:00.0,0.08676017902391442,0.9857501640573955
2018-12-05T00:00:00.0,0.07661487591644936,0.9855544902835366
2018-12-06T00:00:00.0,0.07969734849236426,0.9855363243293949
2018-12-07T00:00:00.0,0.109688323541773,0.9830002161725709
2018-12-08T00:00:00.0,0.11691950758202074,0.9821941082412973
2018-12-09T00:00:00.0,0.11048599849964957,0.9817515509383037
2018-12-10T00:00:00.0,0.10154322045430997,0.9803437311883528
2018-12-11T00:00:00.0,0.08961417183802549,0.9820406985538026
2018-12-12T00:00:00.0,0.0890008840563415,0.9825191914633127
2018-12-13T00:00:00.0,0.07516783742502507,0.9840369029679195
2018-12-14T00:00:00.0,0.06522696357812134,0.985049988908824
2018-12-15T00:00:00.0,0.06439722128525478,0.9850151256310294
2018-12-16T00:00:00.0,0.0542038171753047,0.9861575174171645
2018-12-17T00:00:00.0,0.0481791666140562,0.9866238068915015
2018-12-18T00:00:00.0,0.04498445836567625,0.986686241019105
2018-12-19T00:00:00.0,0.046768203874495665,0.9864373141618847
2018-12-20T00:00:00.0,0.05326183920997311,0.98572456198257
2018-12-21T00:00:00.0,0.05680527972636943,0.9852787100049216
2018-12-22T00:00:00.0,0.06120251303687484,0.9848195909918666
2018-12-23T00:00:00.0,0.06341916756805942,0.9844919824645378
2018-12-24T00:00:00.0,0.06932356562309537,0.9840475122978808
2018-12-25T00:00:00.0,0.06567189785110776,0.9842511108968984
2018-12-26T00:00:00.0,0.05809598995971741,0.9848506933808321
2018-12-27T00:00:00.0,0.0687102778414114,0.9839319207838219
2018-12-28T00:00:00.0,0.05352639472364071,0.9851924152273528
2018-12-29T00:00:00.0,0.05327386446059435,0.9856260021330603
2018-12-30T00:00:00.0,0.05464875144829113,0.9850823857518249
2018-12-31T00:00:00.0,0.0492614391699691,0.9856198444319527
2019-01-01T00:00:00.0,0.042419071566475286,0.9861778874906494
2019-01-02T00:00:00.0,0.04109228558126354,0.9864129236364687
2019-01-03T00:00:00.0,0.045080660370646286,0.986141675910129
2019-01-04T00:00:00.0,0.046744153373253154,0.9858445675161852
2019-01-05T00:00:00.0,0.04335704111493314,0.985612191123758
2019-01-06T00:00:00.0,0.023006308646896755,0.986927390158912
2019-01-07T00:00:00.0,0.012500248020794065,0.9878902950971965
2019-01-08T00:00:00.0,0.020344719842725754,0.9877947860400098
2019-01-09T00:00:00.0,0.0020783641490401544,0.986159996000188
2019-01-10T00:00:00.0,0.001970136893448864,0.9851967240677619
2019-01-11T00:00:00.0,0.0007996791663134249,0.9857021624606085
2019-01-12T00:00:00.0,-0.01440825445269978,0.9874064541871402
2019-01-13T00:00:00.0,-0.01995991182284561,0.9876633422059622
2019-01-14T00:00:00.0,-0.015815208775386558,0.9884842631371903
2019-01-15T00:00:00.0,-0.013141594720594304,0.9882284912164805
2019-01-16T00:00:00.0,-0.021899985589741336,0.9881295089784063
2019-01-17T00:00:00.0,-0.021467076567376175,0.9881052489446244
2019-01-18T00:00:00.0,-0.02135884931178489,0.9889484811184093
2019-01-19T00:00:00.0,-0.015141794740596305,0.9898821452763915
2019-01-20T00:00:00.0,-0.02249323128705656,0.9900872069856925
2019-01-21T00:00:00.0,-0.025238996845576338,0.9901101914200157
2019-01-22T00:00:00.0,-0.010852788685682195,0.9894570261537345
2019-01-23T00:00:00.0,-0.001501152119219938,0.9890422967353734
2019-01-24T00:00:00.0,-0.004743961370084904,0.9891614167095752
2019-01-25T00:00:00.0,-0.011694556229170011,0.9895129436279008
2019-01-26T00:00:00.0,-0.022312852527737743,0.9894422874804356
2019-01-27T00:00:00.0,-0.027287297868063363,0.989473792204745
2019-01-28T00:00:00.0,-0.027491727128624684,0.9894726235058768
2019-01-29T00:00:00.0,-0.025960511882851613,0.9895041658142978
2019-01-30T00:00:00.0,-0.024770012071347415,0.9895037417166784
2019-01-31T00:00:00.0,-0.02135884931178489,0.9892017838935512
2019-02-01T00:00:00.0,-0.022661584795754124,0.9891483486249697
2019-02-02T00:00:00.0,-0.023779933103530795,0.9889192207504698
2019-02-03T00:00:00.0,-0.03596151198286161,0.9895857803864045
2019-02-04T00:00:00.0,-0.025335198850546376,0.9891649267806528
2019-02-05T00:00:00.0,-0.041649455526715,0.9898522029147251
2019-02-06T00:00:00.0,-0.04495239103068623,0.9900903602834614
2019-02-07T00:00:00.0,-0.04574605757168903,0.9900383378181814
2019-02-08T00:00:00.0,-0.04358952929361072,0.98990359268435
2019-02-09T00:00:00.0,-0.04694056580006698,0.9901525702857642
2019-02-10T00:00:00.0,-0.0496743061079655,0.9902999488170304
2019-02-11T00:00:00.0,-0.05529009814809136,0.9905143890537721
2019-02-12T00:00:00.0,-0.06579615877419405,0.9907796955014566
2019-02-13T00:00:00.0,-0.07471488631829114,0.9908309712331776
2019-02-14T00:00:00.0,-0.0827277116489204,0.9911475127272312
2019-02-15T00:00:00.0,-0.06616092470970544,0.9911531548903567
2019-02-16T00:00:00.0,-0.057807383944807306,0.9910770082020949
2019-02-17T00:00:00.0,-0.05579515867418405,0.9908793278799835
2019-02-18T00:00:00.0,-0.045697956569204015,0.9916656996798344
2019-02-19T00:00:00.0,-0.049554053601752954,0.9914905706801066
2019-02-20T00:00:00.0,-0.05476098712075616,0.9908856494023671
2019-02-21T00:00:00.0,-0.04142097576491116,0.9906077111876924
2019-02-22T00:00:00.0,-0.042591433492046596,0.9905159694801429
2019-02-23T00:00:00.0,-0.036987666702542,0.9911047366848394
2019-02-24T00:00:00.0,-0.03736044947180089,0.9913540639227278
2019-02-25T00:00:00.0,-0.042843963755092945,0.9915348834503335
2019-02-26T00:00:00.0,-0.06444933070461355,0.9911096879881415
2019-02-27T00:00:00.0,-0.05906201842629153,0.9913228318713591
2019-02-28T00:00:00.0,-0.05702574265442576,0.9915623792402326
2019-03-01T00:00:00.0,-0.04250725673769781,0.9914082682515742
2019-03-02T00:00:00.0,-0.04486821427633745,0.9915720414671739
2019-03-03T00:00:00.0,-0.04650765677770182,0.991759820813478
2019-03-04T00:00:00.0,-0.04736144957181089,0.992084974222193
2019-03-05T00:00:00.0,-0.045625805065476484,0.9921916838691293
2019-03-06T00:00:00.0,-0.04919329608311533,0.9921698072118292
2019-03-07T00:00:00.0,-0.03760095448422598,0.9922417203718334
2019-03-08T00:00:00.0,-0.030686435377004637,0.9921014918646661
2019-03-09T00:00:00.0,-0.033323973679933123,0.9921848146475634
2019-03-10T00:00:00.0,-0.03931254848931787,0.9923352839771118
2019-03-11T00:00:00.0,-0.04339712528367065,0.9924940389375988
2019-03-12T00:00:00.0,-0.048988866822553996,0.9925997266533625
2019-03-13T00:00:00.0,-0.047914611100388596,0.9928304474831222
2019-03-14T00:00:00.0,-0.05732637391995713,0.9926599200879678
2019-03-15T00:00:00.0,-0.05568693141859276,0.9925210425970217
2019-03-16T00:00:00.0,-0.05793966170164111,0.9925432981807676
2019-03-17T00:00:00.0,-0.04066338497577213,0.9926970469394709
2019-03-18T00:00:00.0,-0.03169655642919002,0.9926993095266438
2019-03-19T00:00:00.0,-0.033335998930554375,0.9927634536179051
2019-03-20T00:00:00.0,-0.04425492649465347,0.9927011686154306
2019-03-21T00:00:00.0,-0.03837457894086002,0.9927484282148327
2019-03-22T00:00:00.0,-0.03716804546186082,0.9927779036155592
2019-03-23T00:00:00.0,-0.027708181639807268,0.9926041115702935
2019-03-24T00:00:00.0,-0.017009717003764503,0.9926223003525172
2019-03-25T00:00:00.0,-0.005200920893692575,0.9924217678525794
2019-03-26T00:00:00.0,0.008908706501912717,0.9917090299521408
2019-03-27T00:00:00.0,0.008367570223956263,0.9917202657857699
2019-03-28T00:00:00.0,0.008295418720228737,0.9917502871070991
2019-03-29T00:00:00.0,0.003761899236015786,0.9919429835904058
2019-03-30T00:00:00.0,0.02507866017062628,0.9896721830219848
2019-03-31T00:00:00.0,0.033356041014923135,0.9871409961386256
2019-04-01T00:00:00.0,0.034658776498892374,0.9865102813649057
2019-04-02T00:00:00.0,0.02334301566429188,0.9871256726353308
2019-04-03T00:00:00.0,0.026237092647140463,0.985137409490006
2019-04-04T00:00:00.0,0.022910106641926716,0.9855006599175316
2019-04-05T00:00:00.0,0.018500848080800065,0.9870151854749026
2019-04-06T00:00:00.0,0.018633125837633865,0.9864974435720631
2019-04-07T00:00:00.0,0.036442522007711795,0.986414959590818
2019-04-08T00:00:00.0,0.03057419970453959,0.9872146155652491
2019-04-09T00:00:00.0,0.019775524646653043,0.9884904311168955
2019-04-10T00:00:00.0,0.0035093689729694412,0.9899895464501028
2019-04-11T00:00:00.0,0.0035093689729694412,0.9901492889578197
2019-04-12T00:00:00.0,-0.0007916623325659219,0.9898381273778193
2019-04-13T00:00:00.0,-0.0046838351169786316,0.9898663047874376
2019-04-14T00:00:00.0,-0.01182683398600381,0.989607248524788
2019-04-15T00:00:00.0,-0.006816312893814432,0.9898247490323467
2019-04-16T00:00:00.0,-0.005140794640586303,0.9895478573066552
2019-04-17T00:00:00.0,-0.00825132613461747,0.9898814070288008
2019-04-18T00:00:00.0,-0.003777932903510792,0.9895648853342871
2019-04-19T00:00:00.0,-0.0027918623525679223,0.9889611800616983
2019-04-20T00:00:00.0,-0.003657680397298247,0.9892595380852401
2019-04-21T00:00:00.0,-0.009465876447364175,0.9895802039182289
2019-04-22T00:00:00.0,-0.0079346612015911,0.9886202017889353
2019-04-23T00:00:00.0,0.009546044784839204,0.9863632510030679
2019-04-24T00:00:00.0,0.02605671388782165,0.9861793641970533
2019-04-25T00:00:00.0,0.029115135962494047,0.9875088745060963
2019-04-26T00:00:00.0,0.017029759088133263,0.9855693651086703
2019-04-27T00:00:00.0,0.011149411534339806,0.9839448527176375
2019-04-28T00:00:00.0,0.00305240944936177,0.9808890948047243
2019-04-29T00:00:00.0,0.006764203474455662,0.9829392111210773
2019-04-30T00:00:00.0,0.005136786223712551,0.9830193253488952
2019-05-01T00:00:00.0,0.010211441985881956,0.9825759042790959
2019-05-02T00:00:00.0,0.007317365003033369,0.9830724240161206
2019-05-03T00:00:00.0,0.0013287901936486232,0.9822755472708924
2019-05-04T00:00:00.0,-0.0035855288935707197,0.9820466196419108
2019-05-05T00:00:00.0,-0.006419479623313032,0.9825392851456498
2019-05-06T00:00:00.0,-0.0047920623725699225,0.982630997844756
2019-05-07T00:00:00.0,-0.0035013521392219383,0.9822448541819495
2019-05-08T00:00:00.0,-0.009008916923756504,0.9824739316239206
2019-05-09T00:00:00.0,-0.015225971494945085,0.9842462781059185
2019-05-10T00:00:00.0,-0.026974641351910744,0.9862196589379402
2019-05-11T00:00:00.0,-0.02699869185315325,0.9877102836628369
2019-05-12T00:00:00.0,-0.02171960683042252,0.988293162412897
2019-05-13T00:00:00.0,-0.02917927063247407,0.9889547910185343
2019-05-14T00:00:00.0,-0.034277976895885985,0.9905223580588973
2019-05-15T00:00:00.0,-0.034891264677569964,0.9904903358012765
2019-05-16T00:00:00.0,-0.03854293244955758,0.9904624465103753
2019-05-17T00:00:00.0,-0.03448240615644731,0.9902409933584904
2019-05-18T00:00:00.0,-0.030506056617685816,0.989769179439998
2019-05-19T00:00:00.0,-0.027816408895398558,0.9880557960850167
2019-05-20T00:00:00.0,-0.018552957500158833,0.9885228842017894
2019-05-21T00:00:00.0,-0.02454153230954358,0.9887410732247853
2019-05-22T00:00:00.0,-0.021503152319239938,0.9889829453744781
2019-05-23T00:00:00.0,-0.02443330505395229,0.9887507000523224
2019-05-24T00:00:00.0,-0.02982863416602181,0.9861550936141499
2019-05-25T00:00:00.0,-0.028926740369427724,0.9859286198350868
2019-05-26T00:00:00.0,-0.033335998930554375,0.9862609413794515
2019-05-27T00:00:00.0,-0.04465175976515487,0.9835573434238924
2019-05-28T00:00:00.0,-0.06562780526549648,0.9806496865995055
2019-05-29T00:00:00.0,-0.07451045705772982,0.9814218900313367
2019-05-30T00:00:00.0,-0.07560475486426398,0.9810236029110974
2019-05-31T00:00:00.0,-0.07355645384177696,0.9806512705980988
2019-06-01T00:00:00.0,-0.07395328711227836,0.9808537102608657
2019-06-02T00:00:00.0,-0.0804389056140083,0.9801740222789318
2019-06-03T00:00:00.0,-0.09258440874147535,0.9793890226371896
2019-06-04T00:00:00.0,-0.10106621884633353,0.9774413907045814
2019-06-05T00:00:00.0,-0.10907904417696279,0.9793135092319272
2019-06-06T00:00:00.0,-0.10978853396361679,0.9814284512658684
2019-06-07T00:00:00.0,-0.10840563014217254,0.9847304582902497
2019-06-08T00:00:00.0,-0.12129669880815735,0.9849652300248426
2019-06-09T00:00:00.0,-0.12936965039189288,0.9854596217294056
2019-06-10T00:00:00.0,-0.13105719389574227,0.9857838477723061
2019-06-11T00:00:00.0,-0.14101009299326725,0.9858544066145158
2019-06-12T00:00:00.0,-0.1373463999706584,0.9861075047654015
2019-06-13T00:00:00.0,-0.139659256506813,0.9867325441770834
2019-06-14T00:00:00.0,-0.1478765110980036,0.9863356985478492
2019-06-15T00:00:00.0,-0.16102411844390851,0.9861228410618622
2019-06-16T00:00:00.0,-0.1667361124890044,0.9861168047562509
2019-06-17T00:00:00.0,-0.16653168322844308,0.986113788449767
2019-06-18T00:00:00.0,-0.18250923288721657,0.9839631149176438
2019-06-19T00:00:00.0,-0.18649760767659931,0.9834104174472609
2019-06-20T00:00:00.0,-0.18832945418790376,0.9830743760206415
2019-06-21T00:00:00.0,-0.19546042780630768,0.9826421601675539
2019-06-22T00:00:00.0,-0.1873995014731934,0.9833254098577355
2019-06-23T00:00:00.0,-0.19160433077375874,0.9833905580713233
2019-06-24T00:00:00.0,-0.20821120188171122,0.9816747207596822
2019-06-25T00:00:00.0,-0.22523494834453386,0.9800718219198334
2019-06-26T00:00:00.0,-0.23287499090590422,0.9787604921611824
2019-06-27T00:00:00.0,-0.23697159295087825,0.9776064230936803
2019-06-28T00:00:00.0,-0.22679021409154942,0.9786701772336028
2019-06-29T00:00:00.0,-0.22575203412124778,0.9788397409784892
2019-06-30T00:00:00.0,-0.22312652106894057,0.979378343798949
2019-07-01T00:00:00.0,-0.22703071910397452,0.9791529402867977
2019-07-02T00:00:00.0,-0.22828535358545873,0.978662800838255
2019-07-03T00:00:00.0,-0.21371475824937203,0.9780500372402959
2019-07-04T00:00:00.0,-0.22092189178837723,0.976366962131117
2019-07-05T00:00:00.0,-0.23154820492069247,0.9743356390639702
2019-07-06T00:00:00.0,-0.23220157687111395,0.9717151910289862
2019-07-07T00:00:00.0,-0.2225012080366353,0.969621304463111
2019-07-08T00:00:00.0,-0.20452345835785982,0.9746172497903176
2019-07-09T00:00:00.0,-0.20194203789116386,0.9747207972961343
2019-07-10T00:00:00.0,-0.196342279518533,0.9749945754889052
2019-07-11T00:00:00.0,-0.20185786113681511,0.9740901731542396
2019-07-12T00:00:00.0,-0.20219857657108398,0.9739707319213783
2019-07-13T00:00:00.0,-0.18759190548313348,0.9764511024228751
2019-07-14T00:00:00.0,-0.19327984902698686,0.9777590682043523
2019-07-15T00:00:00.0,-0.17707381960640953,0.9780613361893473
2019-07-16T00:00:00.0,-0.16757788003249222,0.9768437350906325
2019-07-17T00:00:00.0,-0.16102411844390851,0.9789072295223994
2019-07-18T00:00:00.0,-0.1466860112864994,0.9811911941845955
2019-07-19T00:00:00.0,-0.13944280199563042,0.9810980689355677
2019-07-20T00:00:00.0,-0.1456358060655765,0.9796160121965338
2019-07-21T00:00:00.0,-0.13983963526613183,0.9804823814036963
2019-07-22T00:00:00.0,-0.13687741519642946,0.982034380555549
2019-07-23T00:00:00.0,-0.12955002915121172,0.9829997077908202
2019-07-24T00:00:00.0,-0.1126826109464654,0.9860293962544083
2019-07-25T00:00:00.0,-0.10476598762080616,0.9870191571203016
2019-07-26T00:00:00.0,-0.10453750785900233,0.9866799968180483
2019-07-27T00:00:00.0,-0.10660985938273186,0.9863573683185651
2019-07-28T00:00:00.0,-0.10524699764565634,0.9866533964357543
2019-07-29T00:00:00.0,-0.09270466124768789,0.9874074172229399
2019-07-30T00:00:00.0,-0.08904096822507902,0.9876362500415388
2019-07-31T00:00:00.0,-0.08104016814507102,0.9869258914786251
2019-08-01T00:00:00.0,-0.08186991043793758,0.9856941513586854
2019-08-02T00:00:00.0,-0.07792963665103984,0.9856251771679561
2019-08-03T00:00:00.0,-0.059651255706733,0.9870625056581939
2019-08-04T00:00:00.0,-0.036831338444465685,0.9881698385387734
2019-08-05T00:00:00.0,-0.035131769689995054,0.9879993921421016
2019-08-06T00:00:00.0,-0.03346827668738818,0.9881450345283143
2019-08-07T00:00:00.0,-0.03855495770017884,0.9875105460109656
2019-08-08T00:00:00.0,-0.04354142829112571,0.9870277198083662
2019-08-09T00:00:00.0,-0.03648260617644931,0.9871437411887598
2019-08-10T00:00:00.0,-0.028854588865700196,0.9872058698596232
2019-08-11T00:00:00.0,-0.024745961570104908,0.9873741848932324
2019-08-12T00:00:00.0,-0.02147910181799743,0.9866859978617324
2019-08-13T00:00:00.0,-0.013057417966245521,0.9864332793370246
2019-08-14T00:00:00.0,0.013017333797508008,0.9854532014509194
2019-08-15T00:00:00.0,0.03258642497516285,0.984465907727869
2019-08-16T00:00:00.0,0.04026254328839698,0.9826829525859603
2019-08-17T00:00:00.0,0.02015231583278568,0.980093689710235
2019-08-18T00:00:00.0,0.00902895900812526,0.9777150272909664
2019-08-19T00:00:00.0,-0.013694756249172012,0.9786661209056562
2019-08-20T00:00:00.0,-0.010828738184439687,0.976969330499291
2019-08-21T00:00:00.0,0.016741153073223155,0.9792240235170071
2019-08-22T00:00:00.0,-0.026878439346940706,0.9785430763286046
2019-08-23T00:00:00.0,-0.02467381006637738,0.9787752927872027
2019-08-24T00:00:00.0,0.00718508724619957,0.9805183172975172
2019-08-25T00:00:00.0,0.026188991644655445,0.9779167497197321
2019-08-26T00:00:00.0,0.03160837125796748,0.9770497162546731
2019-08-27T00:00:00.0,0.034225867476527214,0.975982308724503
2019-08-28T00:00:00.0,0.03264655122826912,0.9763514288991382
2019-08-29T00:00:00.0,0.03264655122826912,0.9763514288991382
2019-08-30T00:00:00.0,0.02949994398237419,0.9775527822835799
2019-08-31T00:00:00.0,-0.00785048444724232,0.9774991001094615
2019-09-01T00:00:00.0,-0.007393524923634647,0.9773290388976669
2019-09-02T00:00:00.0,-0.039060018226271524,0.980483424034827
2019-09-03T00:00:00.0,-0.02102214229438976,0.976827176706349
2019-09-04T00:00:00.0,-0.0032728723774181024,0.9749156683508565
2019-09-05T00:00:00.0,0.039729423844188025,0.9685224963559322
2019-09-06T00:00:00.0,0.04777832492668104,0.9682697508402973
2019-09-07T00:00:00.0,0.031211537987466082,0.9683117775752049
2019-09-08T00:00:00.0,0.035729023804184024,0.9653405569299669
2019-09-09T00:00:00.0,0.04075557856386841,0.9625682302145687
2019-09-10T00:00:00.0,0.037308340052442115,0.965695791033178
2019-09-11T00:00:00.0,0.03716403704498707,0.9684114187045224
2019-09-12T00:00:00.0,0.02505460966938377,0.9728363543643573
2019-09-13T00:00:00.0,0.015101710571858789,0.9761108336283489
2019-09-14T00:00:00.0,0.028044888657202394,0.9759989337397947
2019-09-15T00:00:00.0,0.039681322841703004,0.9751030241849534
2019-09-16T00:00:00.0,0.039464868330520424,0.9761146402659218
2019-09-17T00:00:00.0,0.005497543742350187,0.9810130257175558
2019-09-18T00:00:00.0,-0.00723719666555834,0.981788011179493
2019-09-19T00:00:00.0,0.004379195434573518,0.9808441972167581
2019-09-20T00:00:00.0,0.008115039960909919,0.9813172105464356
2019-09-21T00:00:00.0,0.008115039960909919,0.9813172105464356
2019-09-22T00:00:00.0,0.00028259338959948097,0.9830722972515014
2019-09-23T00:00:00.0,-0.008888664417543959,0.9822290778052277
2019-09-24T00:00:00.0,-0.0007435613300809038,0.9813516605046867
2019-09-25T00:00:00.0,-0.000911914838778467,0.9817262018233462
2019-09-26T00:00:00.0,0.00034271964270575354,0.9803893515706358
2019-09-27T00:00:00.0,0.012644551028249119,0.980708256232159
2019-09-28T00:00:00.0,0.020320669341483247,0.9810678297654473
2019-09-29T00:00:00.0,0.02466980164950363,0.9812414119426348
2019-09-30T00:00:00.0,0.01054814900327708,0.9810901976652486
2019-10-01T00:00:00.0,0.019799575147895553,0.9796739597884997
2019-10-02T00:00:00.0,0.03255034922329909,0.9785621393969566
2019-10-03T00:00:00.0,0.017655072120438497,0.9820756954721916
2019-10-04T00:00:00.0,-0.0010562178462335211,0.9848920097106283
2019-10-05T00:00:00.0,-0.016793262492581923,0.9863915478326288
2019-10-06T00:00:00.0,-0.02758792913359472,0.9870406130364353
2019-10-07T00:00:00.0,-0.027155020111229562,0.9871191660400619
2019-10-08T00:00:00.0,-0.030313652607745743,0.9876355076818946
2019-10-09T00:00:00.0,-0.039769508012925545,0.9880503804506395
2019-10-10T00:00:00.0,-0.03256638289079409,0.9883370327251823
2019-10-11T00:00:00.0,-0.03736044947180089,0.9886283636910103
2019-10-12T00:00:00.0,-0.03262650914390036,0.9886936805667469
2019-10-13T00:00:00.0,-0.04934962434119163,0.9894587268080366
2019-10-14T00:00:00.0,-0.052796862852617935,0.9896663287008979
2019-10-15T00:00:00.0,-0.07530412359873262,0.9894437000115953
2019-10-16T00:00:00.0,-0.07865516010518887,0.989504552406717
2019-10-17T00:00:00.0,-0.07823427633344497,0.9899294591337803
2019-10-18T00:00:00.0,-0.08108826914755604,0.9896430626483244
2019-10-19T00:00:00.0,-0.09064433497457962,0.9893155870843869
2019-10-20T00:00:00.0,-0.09846475629526881,0.98901698893199
2019-10-21T00:00:00.0,-0.08914919548067031,0.9897428517487753
2019-10-22T00:00:00.0,-0.0769676166013395,0.9905374374461107
2019-10-23T00:00:00.0,-0.080992067142586,0.9904257114048522
2019-10-24T00:00:00.0,-0.09375085805173704,0.9897937636524875
2019-10-25T00:00:00.0,-0.10592041168044661,0.9892967796237754
2019-10-26T00:00:00.0,-0.10504256838509503,0.989131731490988
2019-10-27T00:00:00.0,-0.08189396093918008,0.9900372875917588
2019-10-28T00:00:00.0,-0.06389216075916208,0.9903132098807567
2019-10-29T00:00:00.0,-0.05684536389510695,0.9904204085706634
2019-10-30T00:00:00.0,-0.05832847813839501,0.9901997338789309
2019-10-31T00:00:00.0,-0.05686941439634946,0.9903054996582138
2019-11-01T00:00:00.0,-0.052736736599511655,0.9902526431164044
2019-11-02T00:00:00.0,-0.05454453260957358,0.9911180423757965
2019-11-03T00:00:00.0,-0.0607255114288984,0.9912427764621897
2019-11-04T00:00:00.0,-0.06330292347872062,0.9911906175686902
2019-11-05T00:00:00.0,-0.04823127603341496,0.9912010850470181
2019-11-06T00:00:00.0,-0.04710891930876454,0.991105885501827
2019-11-07T00:00:00.0,-0.041469076767396175,0.991306016489184
2019-11-08T00:00:00.0,-0.04357750404298947,0.9913615575482296
2019-11-09T00:00:00.0,-0.04256738299080409,0.9914669593634269
2019-11-10T00:00:00.0,-0.044579608261427345,0.9915250725211763
2019-11-11T00:00:00.0,-0.05107324359690478,0.9915489993651833
2019-11-12T00:00:00.0,-0.057843459696671075,0.9915850440584849
2019-11-13T00:00:00.0,-0.05306141836628552,0.9916553625377731
2019-11-14T00:00:00.0,-0.03987773526851683,0.9910769833290762
2019-11-15T00:00:00.0,-0.022348928279601506,0.9882378899680713
2019-11-16T00:00:00.0,-0.017334398770538377,0.9870766835344481
2019-11-17T00:00:00.0,-0.01651668172829307,0.9866017025546262
2019-11-18T00:00:00.0,-0.010215450402755706,0.9864292970590944
2019-11-19T00:00:00.0,-0.009333598690530376,0.9860182108577185
2019-11-20T00:00:00.0,-0.013863109757869576,0.9845025461424961
2019-11-21T00:00:00.0,-0.01150215221922994,0.983562177414094
2019-11-22T00:00:00.0,-0.004419279603311032,0.9830161594476842
2019-11-23T00:00:00.0,-0.002743761350082904,0.9825039176701534
2019-11-24T00:00:00.0,0.0046918519507261345,0.9818891277871211
2019-11-25T00:00:00.0,0.012596450025764101,0.9811712957110467
2019-11-26T00:00:00.0,0.008836554998185189,0.9819318412522
2019-11-27T00:00:00.0,0.017606971117953476,0.9805179439835836
2019-11-28T00:00:00.0,0.029463868230510424,0.979145893620258
2019-11-29T00:00:00.0,0.04256337457393034,0.9780224667781608
2019-11-30T00:00:00.0,0.03244212196770779,0.9796878617968856
2019-12-01T00:00:00.0,0.028309444170869995,0.9806762434835766
2019-12-02T00:00:00.0,0.03222566745652521,0.9835093707346126
2019-12-03T00:00:00.0,0.030790654215722173,0.9848958269513589
2019-12-04T00:00:00.0,0.03680327952634943,0.9829431888424378
2019-12-05T00:00:00.0,0.039104110811882795,0.9827627541090161
2019-12-06T00:00:00.0,0.03632226950149925,0.9821028400899496
2019-12-07T00:00:00.0,0.023066434900003027,0.9833973326750057
2019-12-08T00:00:00.0,0.015811200358512807,0.9842563957988414
2019-12-09T00:00:00.0,0.018993883356271498,0.9839206494283748
2019-12-10T00:00:00.0,0.019535019634227952,0.9837981600732563
2019-12-11T00:00:00.0,0.014801079306327427,0.9836894235027778
2019-12-12T00:00:00.0,0.02936766622554039,0.9816962284684217
2019-12-13T00:00:00.0,0.032526298722056576,0.9813919044050283
2019-12-14T00:00:00.0,0.042815904836976684,0.9810393115920915
2019-12-15T00:00:00.0,0.034694852250756136,0.9836581782146883
2019-12-16T00:00:00.0,0.03628619374963548,0.9837310031594061
2019-12-17T00:00:00.0,0.03412966547155717,0.9836636671604707
2019-12-18T00:00:00.0,0.033813000538530806,0.9835957242310365
2019-12-19T00:00:00.0,0.03477902900510492,0.983626011069208
2019-12-20T00:00:00.0,0.03810601501031867,0.9829540764090104
2019-12-21T00:00:00.0,0.03853892403268383,0.9831688828294809
2019-12-22T00:00:00.0,0.04028659378963949,0.9828477237186756
2019-12-23T00:00:00.0,0.04138089159617365,0.982571505497157
2019-12-24T00:00:00.0,0.043044384598780516,0.9851582687248074
2019-12-25T00:00:00.0,0.039068035060019025,0.9890388243295906
2019-12-26T00:00:00.0,0.03608176448907416,0.989974830977794
2019-12-27T00:00:00.0,0.040202417035290705,0.9897601268631865
2019-12-28T00:00:00.0,0.04250324832082407,0.9893905938976556
2019-12-29T00:00:00.0,0.04047899779957956,0.9899376997689415
2019-12-30T00:00:00.0,0.04628719384964549,0.9897304530084056
2019-12-31T00:00:00.0,0.03938069157617165,0.9897392493617172
2020-01-01T00:00:00.0,0.04330894011244812,0.9892542665478529
2020-01-02T00:00:00.0,0.0416574723604625,0.9893663362291274
2020-01-03T00:00:00.0,0.035596746047350226,0.9897399543237971
2020-01-04T00:00:00.0,0.030766603714479663,0.9900500419108098
2020-01-05T00:00:00.0,0.04294818259381049,0.9888980539805965
2020-01-06T00:00:00.0,0.04168152286170501,0.9891533984048703
2020-01-07T00:00:00.0,0.04102013407753601,0.9893104956656853
2020-01-08T00:00:00.0,0.03774124907480728,0.989638462710641
2020-01-09T00:00:00.0,0.040406846295852034,0.989482689207872
2020-01-10T00:00:00.0,0.040623300807034614,0.9892329403156247
2020-01-11T00:00:00.0,0.050912906921954715,0.988177354713472
2020-01-12T00:00:00.0,0.06297423329507298,0.9873229071192311
2020-01-13T00:00:00.0,0.06516683732501506,0.9874157925964654
2020-01-14T00:00:00.0,0.06493835756321123,0.9873252314366416
2020-01-15T00:00:00.0,0.06437317078401227,0.9873838563166938
2020-01-16T00:00:00.0,0.0729992838963255,0.9866891107000916
2020-01-17T00:00:00.0,0.06970837364297552,0.9865987163018733
2020-01-18T00:00:00.0,0.07243409711712655,0.9863364360183792
2020-01-19T00:00:00.0,0.08283193048763794,0.9853186054842376
2020-01-20T00:00:00.0,0.08843569727714255,0.983542439944764
2020-01-21T00:00:00.0,0.08321673850751808,0.9841871593134881
2020-01-22T00:00:00.0,0.076975633435087,0.9847815084773837
2020-01-23T00:00:00.0,0.06773222412421603,0.9856834442177592
2020-01-24T00:00:00.0,0.06487823131010496,0.9861836707281366
2020-01-25T00:00:00.0,0.05425191817778972,0.9872211388110321
2020-01-26T00:00:00.0,0.05682933022761194,0.9872295515638715
2020-01-27T00:00:00.0,0.060252518237795726,0.9869226830137066
2020-01-28T00:00:00.0,0.05938269177619165,0.9871458196892348
2020-01-29T00:00:00.0,0.06038479599462952,0.9869678023977535
2020-01-30T00:00:00.0,0.05043189689710455,0.9878271402676114
2020-01-31T00:00:00.0,0.047441617909285916,0.9880375252007115
2020-02-01T00:00:00.0,0.05880547974637143,0.9873525191565898
2020-02-02T00:00:00.0,0.06054112425270584,0.98729444926511
2020-02-03T00:00:00.0,0.0548411554582312,0.9874828704939941
2020-02-04T00:00:00.0,0.056660976718914374,0.9870141363789173
2020-02-05T00:00:00.0,0.05872130299202265,0.9866068260851003
2020-02-06T00:00:00.0,0.05723818874873459,0.986334931387135
2020-02-07T00:00:00.0,0.058877631250098955,0.985411550106322
2020-02-08T00:00:00.0,0.039344615824307885,0.9872521624339138
2020-02-09T00:00:00.0,0.036033663486589144,0.9881117445623742
2020-02-10T00:00:00.0,0.03813006551156118,0.9881803697746651
2020-02-11T00:00:00.0,0.030225467436523212,0.9878343493918282
2020-02-12T00:00:00.0,0.02507866017062628,0.987807112836292
2020-02-13T00:00:00.0,0.035043584518772514,0.9867222471429569
2020-02-14T00:00:00.0,0.04049102305020081,0.985752320086873
2020-02-15T00:00:00.0,0.043501344122388194,0.984504617393422
2020-02-16T00:00:00.0,0.040779629065110914,0.9848038265692505
2020-02-17T00:00:00.0,0.042130465551565174,0.9847558088541454
2020-02-18T00:00:00.0,0.03441827148646728,0.9851768597377446
2020-02-19T00:00:00.0,0.029187287466221574,0.9855144649276399
2020-02-20T00:00:00.0,0.014608675296387354,0.9844503804248194
2020-02-21T00:00:00.0,0.007112935742472043,0.9841972266456427
2020-02-22T00:00:00.0,0.0011243609330872967,0.9847735775595375
2020-02-23T00:00:00.0,-0.0015372278710837016,0.9854404419369697
2020-02-24T00:00:00.0,-0.0012726723574161022,0.985396276971238
2020-02-25T00:00:00.0,-0.0012726723574161022,0.9851182784131928
2020-02-26T00:00:00.0,-0.0008036875831871765,0.9853562323589086
2020-02-27T00:00:00.0,-0.003789958154132047,0.9859423912394144
2020-02-28T00:00:00.0,-0.012660584695744123,0.9863659941360922
2020-02-29T00:00:00.0,-0.011261647206804849,0.9859101232159856
2020-03-01T00:00:00.0,-0.02025252625462947,0.9860897420092644
2020-03-02T00:00:00.0,-0.02686641409631945,0.9862573171862471
2020-03-03T00:00:00.0,-0.024866214076317453,0.9861442840068136
2020-03-04T00:00:00.0,-0.018745361510098906,0.9860027408319819
2020-03-05T00:00:00.0,-0.010600258422635851,0.9865711947526731
2020-03-06T00:00:00.0,-0.012215650422757707,0.9868844508593301
2020-03-07T00:00:00.0,-0.015550653261718958,0.9870054864029821
2020-03-08T00:00:00.0,-0.016444530224565546,0.9873014739641048
2020-03-09T00:00:00.0,-0.021779733083528794,0.9879093026521355
2020-03-10T00:00:00.0,-0.012239700924000216,0.9874133408128123
2020-03-11T00:00:00.0,-0.011357849211774884,0.9868484164784017
2020-03-12T00:00:00.0,-0.01816814948027869,0.987345200007102
2020-03-13T00:00:00.0,-0.014600658462639853,0.9881488827112027
2020-03-14T00:00:00.0,-0.01321374622432183,0.9887895977464922
2020-03-15T00:00:00.0,-0.01719009576308332,0.9888058893179769
2020-03-16T00:00:00.0,-0.025732032121047778,0.9886618732696272
2020-03-17T00:00:00.0,-0.02664995958513687,0.9897349002093492
2020-03-18T00:00:00.0,-0.02675818684072816,0.9904246354167575
2020-03-19T00:00:00.0,-0.01123759670556234,0.9905786395177228
2020-03-20T00:00:00.0,-0.009598154204197974,0.9907470971288187
2020-03-21T00:00:00.0,-0.01620402521214045,0.9911770043417758
2020-03-22T00:00:00.0,-0.011177470452456068,0.991337561743535
2020-03-23T00:00:00.0,-0.007670105687923501,0.9913867794144416
2020-03-24T00:00:00.0,-0.023828034106015812,0.9916868823852201
2020-03-25T00:00:00.0,-0.03890368996819522,0.9919143705355413
2020-03-26T00:00:00.0,-0.049926836371011855,0.9918929228387475
2020-03-27T00:00:00.0,-0.045048593035656274,0.9917180259528915
2020-03-28T00:00:00.0,-0.05162640512548249,0.9917534085000999
2020-03-29T00:00:00.0,-0.049854684867284324,0.9920838617345696
2020-03-30T00:00:00.0,-0.04555365356174896,0.9923392084248532
2020-03-31T00:00:00.0,-0.032241701124020215,0.9925581926803437
2020-04-01T00:00:00.0,-0.026457555575196797,0.992550478056859
2020-04-02T00:00:00.0,-0.020529107018918323,0.9928945860922106
2020-04-03T00:00:00.0,-0.009946886472214356,0.9927556532775463
2020-04-04T00:00:00.0,-0.0076099794348172285,0.9925494033386564
2020-04-05T00:00:00.0,-0.01062430892387836,0.9926710545727029
2020-04-06T00:00:00.0,-0.013249821976185594,0.9926446346881225
2020-04-07T00:00:00.0,-0.003597554144191974,0.9925493662686043
2020-04-08T00:00:00.0,-0.0032127461243118298,0.9925836763907814
2020-04-09T00:00:00.0,0.0005351236526458257,0.9924280881140428
2020-04-10T00:00:00.0,0.01209138949967141,0.9915446544170802
2020-04-11T00:00:00.0,0.02617696639403419,0.9904528145596406
2020-04-12T00:00:00.0,0.032261743208388975,0.9900715672771432
2020-04-13T00:00:00.0,0.026802279426339427,0.9904039555999715
2020-04-14T00:00:00.0,0.029127161213115302,0.9901635955892019
2020-04-15T00:00:00.0,0.03130773999243612,0.9897432251052212
2020-04-16T00:00:00.0,0.034875231010074954,0.9891638775619637
2020-04-17T00:00:00.0,0.037765299576049786,0.9885073733854048
2020-04-18T00:00:00.0,0.033115536002498044,0.9888738773144673
2020-04-19T00:00:00.0,0.03097103297504099,0.9892338881385557
2020-04-20T00:00:00.0,0.020849780368818446,0.9900588665691724
2020-04-21T00:00:00.0,0.018681226840118883,0.9903037136967725
2020-04-22T00:00:00.0,0.013329990313660625,0.9906008619340061
2020-04-23T00:00:00.0,0.01441627128644728,0.9904706309220626
2020-04-24T00:00:00.0,0.015017533817510007,0.9905978710695322
2020-04-25T00:00:00.0,0.02092193187254597,0.9903869175765808
2020-04-26T00:00:00.0,0.022825929887577937,0.9898318597011587
2020-04-27T00:00:00.0,0.023078460150624282,0.9903347191140258
2020-04-28T00:00:00.0,0.02829741892024874,0.9897939658277375
2020-04-29T00:00:00.0,0.03695960778442574,0.9890583679898338
2020-04-30T00:00:00.0,0.0389958835562915,0.9887018330757
2020-05-01T00:00:00.0,0.04209438979970141,0.9882944008529896
2020-05-02T00:00:00.0,0.04182582586916006,0.9884237119582537
2020-05-03T00:00:00.0,0.0535023442223982,0.9868542616037873
2020-05-04T00:00:00.0,0.06428899402966348,0.984967225748699
2020-05-05T00:00:00.0,0.07267460212955164,0.983908838588329
2020-05-06T00:00:00.0,0.0708668061194897,0.9842696065985641
2020-05-07T00:00:00.0,0.08091590722198472,0.9817037471892316
2020-05-08T00:00:00.0,0.0924721730690103,0.9791055489730398
2020-05-09T00:00:00.0,0.09289305684075422,0.9790106793623098
2020-05-10T00:00:00.0,0.08861607603646136,0.9794961777306599
2020-05-11T00:00:00.0,0.08641144675589804,0.9792994751503693
2020-05-12T00:00:00.0,0.08731334055249212,0.9807729346194466
2020-05-13T00:00:00.0,0.06146706855054243,0.9842884927779306
2020-05-14T00:00:00.0,0.02664595116826312,0.9879704223889806
2020-05-15T00:00:00.0,0.025752074205416538,0.987804112610953
2020-05-16T00:00:00.0,0.005822225509124059,0.9892355201915376
2020-05-17T00:00:00.0,-0.01719009576308332,0.9895094889155529
2020-05-18T00:00:00.0,-0.017623004785448485,0.9887840523196751
2020-05-19T00:00:00.0,-0.032241701124020215,0.9880944533951921
2020-05-20T00:00:00.0,-0.03880748796322518,0.9862665610739756
2020-05-21T00:00:00.0,-0.04442328000335104,0.9857421065717901
2020-05-22T00:00:00.0,-0.047529803080508456,0.9847084231876394
2020-05-23T00:00:00.0,-0.06169955672922001,0.9841111042501952
2020-05-24T00:00:00.0,-0.08829540268656125,0.9828407039159769
2020-05-25T00:00:00.0,-0.09692151579887448,0.9805822761847061
2020-05-26T00:00:00.0,-0.1168633897457882,0.9773163163049408
2020-05-27T00:00:00.0,-0.12255133328964159,0.9759278440441199
2020-05-28T00:00:00.0,-0.10536725015186889,0.9778748928782608
2020-05-29T00:00:00.0,-0.11512774523945381,0.9772194350842874
2020-05-30T00:00:00.0,-0.11398133801356086,0.9763501837038069
2020-05-31T00:00:00.0,-0.13595948773234035,0.9740646087247867
2020-06-01T00:00:00.0,-0.12515279584070632,0.9768814281487067
2020-06-02T00:00:00.0,-0.11568090676803151,0.9778465346132957
2020-06-03T00:00:00.0,-0.1393706504919029,0.9758924108779976
2020-06-04T00:00:00.0,-0.15196108789235638,0.974078309263543
2020-06-05T00:00:00.0,-0.14501049303327126,0.976457908284721
2020-06-06T00:00:00.0,-0.14091389098829724,0.9772213637467982
2020-06-07T00:00:00.0,-0.14157527977246623,0.9770494206004328
2020-06-08T00:00:00.0,-0.13956305450184295,0.9772607552553078
2020-06-09T00:00:00.0,-0.13115339590071232,0.977890358315542
2020-06-10T00:00:00.0,-0.12168150682803751,0.9786542233003054
2020-06-11T00:00:00.0,-0.10788453594858484,0.9794148573632189
2020-06-12T00:00:00.0,-0.09954702885118172,0.979986713009191
2020-06-13T00:00:00.0,-0.09434410374905225,0.9808325492638977
2020-06-14T00:00:00.0,-0.09712594505943581,0.9817249630260065
2020-06-15T00:00:00.0,-0.08940172574371665,0.9825600380527965
2020-06-16T00:00:00.0,-0.09844070579402629,0.9817835126813903
2020-06-17T00:00:00.0,-0.10034470380905826,0.981328781118495
2020-06-18T00:00:00.0,-0.0931255450194318,0.9819825286663001
2020-06-19T00:00:00.0,-0.10034470380905826,0.981833666374317
2020-06-20T00:00:00.0,-0.1067060613877019,0.9825031292684462
2020-06-21T00:00:00.0,-0.11277881295143544,0.9834342128565274
2020-06-22T00:00:00.0,-0.10477801287142742,0.9848678715224123
2020-06-23T00:00:00.0,-0.08334099943060438,0.9856773112694375
2020-06-24T00:00:00.0,-0.09169053177862876,0.9851522288336697
2020-06-25T00:00:00.0,-0.09137787526247615,0.9851751341374515
2020-06-26T00:00:00.0,-0.09222365122283771,0.9855131019379512
2020-06-27T00:00:00.0,-0.09663290978396437,0.9854248615469663
2020-06-28T00:00:00.0,-0.08949792774868669,0.98582571072998
2020-06-29T00:00:00.0,-0.09035572895966952,0.9856237013595208
2020-06-30T00:00:00.0,-0.09332997427999314,0.9855245149316982
2020-07-01T00:00:00.0,-0.09308946926756805,0.9856262924715561
2020-07-02T00:00:00.0,-0.08193003669104386,0.9857517920837134
2020-07-03T00:00:00.0,-0.07342417608494316,0.9865887578020673
2020-07-04T00:00:00.0,-0.068990867022574,0.9871620272751946
2020-07-05T00:00:00.0,-0.06311051946878055,0.9872473494517022
2020-07-06T00:00:00.0,-0.06225672667467148,0.9869946394620999
2020-07-07T00:00:00.0,-0.06061728417330711,0.9869382938324254
2020-07-08T00:00:00.0,-0.047890560599146086,0.9875105311532061
2020-07-09T00:00:00.0,-0.03152820292049245,0.9882036971196388
2020-07-10T00:00:00.0,-0.022240701024010216,0.9882374919773041
2020-07-11T00:00:00.0,-0.023226771574953085,0.9876873316947515
2020-07-12T00:00:00.0,-0.01587533502849283,0.9877950878325192
2020-07-13T00:00:00.0,0.0054734932411076775,0.9882115021242316
2020-07-14T00:00:00.0,0.025018533917520007,0.9886731420442777
2020-07-15T00:00:00.0,0.03683935527821319,0.9878919320988918
2020-07-16T00:00:00.0,0.03828639376963749,0.9883636449874184
2020-07-17T00:00:00.0,0.04003406352659314,0.9883153850687401
2020-07-18T00:00:00.0,0.050107215130330666,0.9879048624014605
2020-07-19T00:00:00.0,0.04670807762138939,0.9883206111821456
2020-07-20T00:00:00.0,0.043044384598780516,0.9889156900591229
2020-07-21T00:00:00.0,0.036646951268273116,0.9896195709955845
2020-07-22T00:00:00.0,0.032466172468950304,0.9900114513287188
2020-07-23T00:00:00.0,0.03341616726802941,0.9899899126752237
2020-07-24T00:00:00.0,0.0461789665940542,0.9890253797866436
2020-07-25T00:00:00.0,0.04240704631585403,0.989359659085079
2020-07-26T00:00:00.0,0.04267160182952163,0.9892964168863121
2020-07-27T00:00:00.0,0.044371170583992266,0.9888448956873515
2020-07-28T00:00:00.0,0.05034772014275576,0.9881811239688942
2020-07-29T00:00:00.0,0.0721815668540802,0.9855504516776573
2020-07-30T00:00:00.0,0.09695358313386448,0.9812667729205498
2020-07-31T00:00:00.0,0.10929149027127162,0.979059296013509
2020-08-01T00:00:00.0,0.11011321573039068,0.979372967213281
2020-08-02T00:00:00.0,0.11182080131860882,0.9790614473170779
2020-08-03T00:00:00.0,0.13361857227806948,0.9790460327789561
2020-08-04T00:00:00.0,0.14078963006521095,0.9779378617418564
2020-08-05T00:00:00.0,0.14925941491944786,0.9762229258295586
2020-08-06T00:00:00.0,0.15677920497460568,0.97433045385359
2020-08-07T00:00:00.0,0.15468280294963366,0.9745216351021929
2020-08-08T00:00:00.0,0.15415369192229844,0.9747171459057388
2020-08-09T00:00:00.0,0.15141594319752616,0.9756030983983335
2020-08-10T00:00:00.0,0.15328386546069436,0.9749811515064617
2020-08-11T00:00:00.0,0.15507963622013504,0.9745688134579573
2020-08-12T00:00:00.0,0.1594888947812617,0.9736309534103242
2020-08-13T00:00:00.0,0.15823826871665123,0.9758122959651642
2020-08-14T00:00:00.0,0.1511393624332373,0.9775676610935943
2020-08-15T00:00:00.0,0.15426191917788973,0.9769405938817181
2020-08-16T00:00:00.0,0.16226271925789773,0.9753308540478525
2020-08-17T00:00:00.0,0.15728426550069835,0.9748794765231922
2020-08-18T00:00:00.0,0.1537769007361658,0.9754657820432809
2020-08-19T00:00:00.0,0.15826231921789372,0.974577915112774
2020-08-20T00:00:00.0,0.16104416052827727,0.9742094653914312
2020-08-21T00:00:00.0,0.14934359167379663,0.9751641500398258
2020-08-22T00:00:00.0,0.1490910614107503,0.9751983458956961
2020-08-23T00:00:00.0,0.14558369664621773,0.9755591433036948
2020-08-24T00:00:00.0,0.14464572709775989,0.9755966127767413
2020-08-25T00:00:00.0,0.15851484948094008,0.9728493537927575
2020-08-26T00:00:00.0,0.1660827405385829,0.9712898962644642
2020-08-27T00:00:00.0,0.16160934730747623,0.9719852419105113
2020-08-28T00:00:00.0,0.16136884229505113,0.9718324800031737
2020-08-29T00:00:00.0,0.1622386687566552,0.9716357130118518
2020-08-30T00:00:00.0,0.16049099899969957,0.9734235449383134
2020-08-31T00:00:00.0,0.16586227761052658,0.9721650234101747
2020-09-01T00:00:00.0,0.16813104156106995,0.9716246682803598
2020-09-02T00:00:00.0,0.16499645956579626,0.9724020330669515
2020-09-03T00:00:00.0,0.18242104771599404,0.9744698934145729
2020-09-04T00:00:00.0,0.19436212158289976,0.9722122294420242
2020-09-05T00:00:00.0,0.20033867114166323,0.972031831800588
2020-09-06T00:00:00.0,0.19455452559283984,0.9736931383867361
2020-09-07T00:00:00.0,0.1869625840339545,0.9754313972843461
2020-09-08T00:00:00.0,0.17631222040039676,0.9788056572205281
2020-09-09T00:00:00.0,0.16828736981914624,0.9795789050536572
2020-09-10T00:00:00.0,0.1744563233878498,0.9784246807193714
2020-09-11T00:00:00.0,0.16813104156106995,0.9792693237876936
2020-09-12T00:00:00.0,0.14498243411515502,0.9802068854624888
2020-09-13T00:00:00.0,0.1344282724865673,0.9815778811005788
2020-09-14T00:00:00.0,0.10944781852934791,0.9851279106524302
2020-09-15T00:00:00.0,0.09381900113859082,0.9870510688605277
2020-09-16T00:00:00.0,0.08808696500912616,0.9876717351430219
2020-09-17T00:00:00.0,0.08883253054764394,0.9876372708446559
2020-09-18T00:00:00.0,0.09665295186833313,0.9868358776642764
2020-09-19T00:00:00.0,0.10246114791839905,0.9863239133394897
2020-09-20T00:00:00.0,0.10501450946697875,0.9854003728661895
2020-09-21T00:00:00.0,0.09980757594797555,0.9860954610312365
2020-09-22T00:00:00.0,0.10044892264777579,0.9849810688863625
2020-09-23T00:00:00.0,0.1077963507773623,0.9838180057143436
2020-09-24T00:00:00.0,0.10502653471760001,0.9840954056288447
2020-09-25T00:00:00.0,0.09914618716380656,0.9849041155641072
2020-09-26T00:00:00.0,0.08938569207622166,0.986733345803535
2020-09-27T00:00:00.0,0.07536024143496514,0.9876275333306794
2020-09-28T00:00:00.0,0.08130071524186487,0.9864519767355756
2020-09-29T00:00:00.0,0.08281990523701668,0.9853000112808723
2020-09-30T00:00:00.0,0.09492933261261997,0.9843577455779009
2020-10-01T00:00:00.0,0.0872652395500071,0.9853940374034652
2020-10-02T00:00:00.0,0.08544541828932392,0.9856663197827307
2020-10-03T00:00:00.0,0.07648259815961556,0.9865431068824361
2020-10-04T00:00:00.0,0.059226363518115346,0.9884239731300782
2020-10-05T00:00:00.0,0.06014429098220443,0.9886175446061368
2020-10-06T00:00:00.0,0.0571059109919008,0.9892137335352856
2020-10-07T00:00:00.0,0.06016834148344694,0.9893976836671341
2020-10-08T00:00:00.0,0.048082964609086155,0.9895290514848788
2020-10-09T00:00:00.0,0.030766603714479663,0.9897452822054135
2020-10-10T00:00:00.0,0.00920933776744408,0.9896512798436763
2020-10-11T00:00:00.0,0.01083675501818719,0.9896917888904191
2020-10-12T00:00:00.0,0.01083675501818719,0.9896917888904191
2020-10-13T00:00:00.0,0.00030664389084199,0.9887385845160476
2020-10-14T00:00:00.0,-0.0005030563176558138,0.9886418308331723
2020-10-15T00:00:00.0,-0.0016093793748112285,0.9888690353932341
2020-10-16T00:00:00.0,-0.000935965340020976,0.9884788766176664
2020-10-17T00:00:00.0,-0.0006593845757321223,0.9889452330922011
2020-10-18T00:00:00.0,-0.00382603390599581,0.9888022399948698
2020-10-19T00:00:00.0,-0.001332798610522375,0.9887957796007395
2020-10-20T00:00:00.0,-0.010576207921393342,0.9890347178280611
2020-10-21T00:00:00.0,-0.014756986720716158,0.9889344535955614
2020-10-22T00:00:00.0,-0.001501152119219938,0.9889363583627786
2020-10-23T00:00:00.0,0.0011844871861935692,0.9888347639014463
2020-10-24T00:00:00.0,0.029247413719327847,0.9876856288692086
2020-10-25T00:00:00.0,0.040851780568838446,0.9870494077375362
2020-10-26T00:00:00.0,0.04770617342295352,0.986355960957914
2020-10-27T00:00:00.0,0.050732528162635904,0.9860066900674234
2020-10-28T00:00:00.0,0.047441617909285916,0.9860295509588235
2020-10-29T00:00:00.0,0.03693555728318323,0.9865210774915414
2020-10-30T00:00:00.0,0.02960817123796548,0.9869838454358897
2020-10-31T00:00:00.0,0.031115335982496047,0.9871181653012588
2020-11-01T00:00:00.0,0.034189791724663444,0.9876212188410675
2020-11-02T00:00:00.0,0.01716203684496706,0.9886343850207506
2020-11-03T00:00:00.0,0.0162000167952667,0.9889893757368217
2020-11-04T00:00:00.0,0.013257838809933097,0.9890822343094151
2020-11-05T00:00:00.0,0.028129065411551177,0.9886157170685079
2020-11-06T00:00:00.0,0.042984258345674244,0.9875621034263458
2020-11-07T00:00:00.0,0.03455054924330108,0.9886015352585039
2020-11-08T00:00:00.0,0.04226274330839898,0.988242796837527
2020-11-09T00:00:00.0,0.03803386350659114,0.9885615663875592
2020-11-10T00:00:00.0,0.05032366964151325,0.9875189891935107
2020-11-11T00:00:00.0,0.05087683117009096,0.9871806609327444
2020-11-12T00:00:00.0,0.05026354338840698,0.9872055577768343
2020-11-13T00:00:00.0,0.05066037665890838,0.9871674089577779
2020-11-14T00:00:00.0,0.05149011895177494,0.9866062258323909
2020-11-15T00:00:00.0,0.0552379887287326,0.9853002735465014
2020-11-16T00:00:00.0,0.05504558471879252,0.9847259046401022
2020-11-17T00:00:00.0,0.07173262416422004,0.9826155925817356
2020-11-18T00:00:00.0,0.10493033271262997,0.9770672597184387
2020-11-19T00:00:00.0,0.136981634035147,0.9709012637190035
2020-11-20T00:00:00.0,0.1315101450024762,0.9754652787059317
2020-11-21T00:00:00.0,0.12778632572676107,0.9753793804683751
2020-11-22T00:00:00.0,0.12415069162226844,0.9763015802704144
2020-11-23T00:00:00.0,0.12036674609344701,0.9769325661611474
2020-11-24T00:00:00.0,0.12057117535400835,0.9771356690568388
2020-11-25T00:00:00.0,0.1177492498748873,0.977201090177345
2020-11-26T00:00:00.0,0.114979433815125,0.9781198754502799
2020-11-27T00:00:00.0,0.11572499935364278,0.9781891356119252
2020-11-28T00:00:00.0,0.11848679857965758,0.97790209745539
2020-11-29T00:00:00.0,0.1210642106294798,0.9771854867227382
2020-11-30T00:00:00.0,0.12615089164227045,0.9763921905922838
2020-12-01T00:00:00.0,0.12233087036158527,0.9772315927764318
2020-12-02T00:00:00.0,0.1171359620932033,0.9782725111127597
2020-12-03T00:00:00.0,0.110979033775121,0.9795474087478164
2020-12-04T00:00:00.0,0.11235392076281776,0.9790765692026719
2020-12-05T00:00:00.0,0.11302733479760803,0.9786892202762715
2020-12-06T00:00:00.0,0.11125561453940985,0.978531640547903
2020-12-07T00:00:00.0,0.11255835002337909,0.978276320489666
2020-12-08T00:00:00.0,0.11520791357692882,0.9777705348911151
2020-12-09T00:00:00.0,0.11571297410302153,0.9771923371767511
2021-01-02T00:00:00.0,0.090977033575101,0.9853360582606109
